%  columns="iteration, evaluation, sigma, max axis length,  min axis length, all principle axes lengths  (sorted square roots of eigenvalues of C)", seed=888861, Sun Nov 23 12:08:58 2014
0 0 1.0 1.00003849349 1.00000392229 1.00001872726 1.00003052642 1.00000392229 1.00001458978 1.00003494812 1.00002266015 1.00003849349
1 9 0.862350377825 1.00003849349 1.00000392229 1.00001872726 1.00003052642 1.00000392229 1.00001458978 1.00003494812 1.00002266015 1.00003849349
2 18 0.826972256072 1.01642089276 0.938081169734 0.938081169734 0.954476532609 0.981889377031 0.98237698095 0.990654702706 0.998623929101 1.01642089276
3 27 0.832680785853 1.05527556545 0.920182919802 0.920182919802 0.935512418335 0.939283000962 0.953752106062 0.973306577864 0.99686038823 1.05527556545
4 36 0.807968134474 1.10850299899 0.88236908654 0.88236908654 0.898777211693 0.923582405454 0.928643095069 0.962562056228 1.04371197844 1.10850299899
5 45 0.838580043581 1.14695189353 0.850314289814 0.850314289814 0.870411698934 0.906484451366 0.923678095838 0.937316183889 1.04104353355 1.14695189353
6 54 0.894685309224 1.17151220189 0.822832069068 0.822832069068 0.853019501067 0.892728479646 0.913649991396 0.967310496564 1.05512210608 1.17151220189
7 63 0.784884916047 1.1270193724 0.83097742405 0.83097742405 0.843569885585 0.845783580587 0.914291563982 1.03335186228 1.09660830292 1.1270193724
8 72 0.780484089524 1.11530619318 0.793833502992 0.793833502992 0.812988263253 0.835618765787 0.89631640458 1.03775699348 1.09786980995 1.11530619318
9 81 0.863000614402 1.11403616726 0.763105829355 0.763105829355 0.797271719819 0.837644837437 0.939264250209 1.0235259781 1.04584723705 1.11403616726
10 90 0.852567875029 1.13995172339 0.74448882446 0.74448882446 0.795980552529 0.891292572269 0.934134683911 1.0171700735 1.02773682171 1.13995172339
11 99 0.773390809045 1.14544297468 0.719679538444 0.719679538444 0.801238871529 0.886010794454 0.93678093458 0.979699233455 1.02289410544 1.14544297468
12 108 0.761372402477 1.12321110914 0.711292859024 0.711292859024 0.772796208461 0.869318034472 0.907614480321 0.962520899777 1.00606705467 1.12321110914
13 117 0.811725758922 1.12155224619 0.695305204857 0.695305204857 0.745527360674 0.87449697582 0.891447923796 0.936403355466 1.05172201397 1.12155224619
14 126 0.819032104548 1.10404029036 0.686127370784 0.686127370784 0.784741871986 0.870561313488 0.902196711061 0.943137048139 1.05250676017 1.10404029036
15 135 0.778180202903 1.09729464646 0.676551509434 0.676551509434 0.819240518598 0.855574876938 0.890498154873 0.947227599332 1.03218736943 1.09729464646
16 144 0.687839768272 1.11028381597 0.664052344998 0.664052344998 0.794639703142 0.844819603451 0.880279078749 0.917838635346 1.02910871627 1.11028381597
17 153 0.623672291241 1.09626292734 0.646801511785 0.646801511785 0.771898138802 0.828450859214 0.871786526552 0.896562813855 1.00042213017 1.09626292734
18 162 0.607160665747 1.08290123259 0.614930465749 0.614930465749 0.766784162569 0.7855891152 0.863954250113 0.916386285886 0.979557834881 1.08290123259
19 171 0.69363091527 1.04788239259 0.600494446133 0.600494446133 0.751385428805 0.775154096572 0.850088408025 0.92686006249 0.96700944701 1.04788239259
20 180 0.708154209716 1.15930783882 0.587031855945 0.587031855945 0.739981787647 0.778215965641 0.828356697154 0.930934003449 1.001735067 1.15930783882
21 189 0.661725120819 1.17550570127 0.570699970878 0.570699970878 0.759051196806 0.792713413627 0.832976366611 0.921724118789 1.0157082379 1.17550570127
22 198 0.597263523386 1.15373279283 0.558942937219 0.558942937219 0.750279758896 0.76743500216 0.813481662733 0.933135420187 1.01070903036 1.15373279283
23 207 0.591752501292 1.13250089275 0.53981059392 0.53981059392 0.724656975077 0.758325309156 0.804412139388 0.92884733068 0.989033584895 1.13250089275
24 216 0.532472353393 1.14458439158 0.526906262693 0.526906262693 0.718186708543 0.735834206717 0.799708370763 0.911420650369 1.01567136244 1.14458439158
25 225 0.466072443942 1.14063088069 0.521409703691 0.521409703691 0.689279972809 0.718491591853 0.780012028444 0.904110456335 0.999509720317 1.14063088069
26 234 0.461144301534 1.15135511601 0.51214476226 0.51214476226 0.670454868186 0.70940086824 0.763523140555 0.869636561002 0.977902947341 1.15135511601
27 243 0.434172712156 1.19006707574 0.505298273662 0.505298273662 0.645822536145 0.688871766094 0.795581684212 0.859754825748 0.96990045045 1.19006707574
28 252 0.467449796019 1.1739376538 0.498198813347 0.498198813347 0.615918942908 0.668036633564 0.795834849561 0.856084359728 1.00131702005 1.1739376538
29 261 0.480214141327 1.21537723845 0.488700648031 0.488700648031 0.598892643789 0.655961739701 0.801442583404 0.901298429698 1.01084325783 1.21537723845
30 270 0.463522244544 1.184939614 0.490467828004 0.490467828004 0.590198844186 0.651453272555 0.830297463778 0.881497669713 1.06028234363 1.184939614
31 279 0.444055841285 1.15199644638 0.477396312006 0.477396312006 0.569943554173 0.64313961662 0.82434066999 0.874793500517 1.07375991401 1.15199644638
32 288 0.428438865736 1.19388076095 0.470162840011 0.470162840011 0.553613285939 0.619184963817 0.821297204825 0.889533319559 1.05156834286 1.19388076095
33 297 0.427452632299 1.17675310809 0.468911310858 0.468911310858 0.526298174413 0.62497460419 0.793685937955 0.861841374963 1.06670228874 1.17675310809
34 306 0.439687628793 1.18952140677 0.457959459161 0.457959459161 0.524386418801 0.610944097325 0.788743191743 0.877089725002 1.06418081533 1.18952140677
35 315 0.487029361466 1.29018834531 0.449417069714 0.449417069714 0.512272666818 0.605813346651 0.768254512251 0.871524723533 1.0720522542 1.29018834531
36 324 0.471358130027 1.26827736457 0.431562173103 0.431562173103 0.520260936784 0.597642358463 0.858065808952 0.874588641282 1.04749491614 1.26827736457
37 333 0.42561823029 1.30721916451 0.433643027885 0.433643027885 0.510721148341 0.577235106377 0.820122596298 0.886544919727 1.02770668998 1.30721916451
38 342 0.392514767304 1.27820030259 0.414602130838 0.414602130838 0.502553605134 0.553440181941 0.796767325981 0.884426877746 1.04139081678 1.27820030259
39 351 0.386100611974 1.25512743595 0.399326983293 0.399326983293 0.506868783489 0.563180227363 0.790316593234 0.869879285914 0.993915303869 1.25512743595
40 360 0.363640067983 1.30494652427 0.3869989185 0.3869989185 0.489935745164 0.556865183751 0.769457878905 0.893066641025 0.974969791144 1.30494652427
41 369 0.375552078403 1.30332416687 0.370221671607 0.370221671607 0.480798662212 0.526423921095 0.774217890998 0.91506630112 0.987858613054 1.30332416687
42 378 0.363304471283 1.24585850329 0.368609112719 0.368609112719 0.483527721834 0.540649481327 0.752958366313 0.931965586849 1.01259603467 1.24585850329
43 387 0.362993794091 1.26418393713 0.379003231758 0.379003231758 0.470942421922 0.527025308299 0.753086720154 0.898897088068 1.02709922512 1.26418393713
44 396 0.316069146074 1.26425926152 0.380434698992 0.380434698992 0.456631214174 0.52715543457 0.736095688041 0.883134360223 1.02606400753 1.26425926152
45 405 0.311196413838 1.23138125416 0.383768119759 0.383768119759 0.450863892902 0.515577518821 0.717622747473 0.848652376625 1.03858953242 1.23138125416
46 414 0.289243013944 1.20991955875 0.381381782368 0.381381782368 0.458587674468 0.499698875334 0.720396702405 0.894928599871 1.00474342856 1.20991955875
47 423 0.282180321797 1.21757035687 0.376099919534 0.376099919534 0.446879583936 0.504550687705 0.706341032566 0.878776660226 1.00614280543 1.21757035687
48 432 0.280605414319 1.19833702413 0.358433817601 0.358433817601 0.443513460434 0.507438240567 0.694978614844 0.862913653731 1.05157827398 1.19833702413
49 441 0.264685820705 1.1968969365 0.364291210746 0.364291210746 0.450363736291 0.4860733298 0.68884351936 0.869146309585 1.05476382052 1.1968969365
50 450 0.257614632043 1.17046685392 0.356956896323 0.356956896323 0.441941982867 0.492400008675 0.6839752624 0.876308872346 1.04075169151 1.17046685392
51 459 0.27267842549 1.16006694749 0.364178026239 0.364178026239 0.441031437551 0.489680240372 0.659183556449 0.826621313442 1.06204284788 1.16006694749
52 468 0.254948799775 1.20833346565 0.360232681269 0.360232681269 0.429851573633 0.508903627355 0.658333466596 0.821554443915 1.03073861647 1.20833346565
53 477 0.258572949184 1.18303891017 0.350710185894 0.350710185894 0.451493844405 0.519308417716 0.652549746806 0.801494758372 1.00682228922 1.18303891017
54 486 0.271189669308 1.17061293228 0.336302935208 0.336302935208 0.444423944853 0.513445367815 0.654611782928 0.790262678476 1.06171422781 1.17061293228
55 495 0.305644593504 1.2383212271 0.322789502265 0.322789502265 0.443431773116 0.528555024492 0.654245454284 0.756999578224 1.05883655055 1.2383212271
56 504 0.332941668736 1.23843379683 0.310062247689 0.310062247689 0.444576389351 0.564700615422 0.644924075972 0.780761143194 1.0677850895 1.23843379683
57 513 0.372420493136 1.24264534303 0.311021134255 0.311021134255 0.436284475707 0.556288021681 0.624170367873 0.785655856028 1.08467500929 1.24264534303
58 522 0.379478786087 1.2238186664 0.304398030124 0.304398030124 0.454267011985 0.542716393015 0.626245713278 0.803017755139 1.08483805423 1.2238186664
59 531 0.40279962457 1.22006212366 0.317511929239 0.317511929239 0.445090459498 0.510966933403 0.61500069826 0.794411895809 1.07606975083 1.22006212366
60 540 0.396854089884 1.21034772572 0.312121038685 0.312121038685 0.452661978001 0.522838378255 0.622377769693 0.813236818584 1.06026063987 1.21034772572
61 549 0.492677034726 1.2403477222 0.313077369538 0.313077369538 0.442351965588 0.518079730097 0.606099562471 0.80685357052 1.06860884017 1.2403477222
62 558 0.560998311124 1.34230709931 0.314793875869 0.314793875869 0.43203773664 0.524921288864 0.6000396558 0.784708993778 1.11496824438 1.34230709931
63 567 0.573864879877 1.3056942225 0.336739644514 0.336739644514 0.428491021819 0.521749180583 0.585534765161 0.784118095724 1.07915536526 1.3056942225
64 576 0.601592932739 1.29098154201 0.337135715919 0.337135715919 0.424292739812 0.52036341468 0.580490557147 0.763084471931 1.09227403475 1.29098154201
65 585 0.57055413159 1.27748273088 0.328498551227 0.328498551227 0.426730168166 0.517534882073 0.592824388088 0.741797835206 1.08512032964 1.27748273088
66 594 0.575829503101 1.26591758256 0.328883681264 0.328883681264 0.415060487405 0.509409444281 0.588705680565 0.703835048811 1.09114983163 1.26591758256
67 603 0.532782493005 1.25203435996 0.342072707205 0.342072707205 0.41117322382 0.503320250058 0.590565992953 0.702361945018 1.02992911587 1.25203435996
68 612 0.585864218643 1.18607853343 0.335134453387 0.335134453387 0.405624920182 0.50376625946 0.580816869657 0.691068182707 1.0578980631 1.18607853343
69 621 0.600938250906 1.24166197203 0.328894083976 0.328894083976 0.415031001881 0.521574803642 0.587370513165 0.672000557772 1.03227174016 1.24166197203
70 630 0.566474737219 1.29297066054 0.323169160702 0.323169160702 0.407043588979 0.514952079242 0.591413433005 0.640811634564 1.05373971002 1.29297066054
71 639 0.609438149914 1.30143144361 0.323163649055 0.323163649055 0.398793816662 0.513978093807 0.575595026593 0.6125611762 1.04197726652 1.30143144361
72 648 0.605152281337 1.3679812513 0.325323835226 0.325323835226 0.392450017781 0.501283123325 0.574173413835 0.608090866773 1.08089643886 1.3679812513
73 657 0.588117827797 1.37489024309 0.325202353802 0.325202353802 0.385574417713 0.487421752522 0.560081186744 0.602748147476 1.09444516028 1.37489024309
74 666 0.603484559662 1.3466550876 0.321320779531 0.321320779531 0.387766150859 0.471456653337 0.541573824859 0.628517368472 1.08498410167 1.3466550876
75 675 0.613038340277 1.38995009259 0.317997905403 0.317997905403 0.3771277404 0.477523214642 0.539300171117 0.61425760607 1.10541778449 1.38995009259
76 684 0.619273524828 1.37778913051 0.308896336604 0.308896336604 0.375565463417 0.485699882526 0.505351371262 0.606724808116 1.12651360545 1.37778913051
77 693 0.515879904081 1.35140148876 0.318074798028 0.318074798028 0.37089999541 0.478028382172 0.506557701419 0.612688325889 1.11962684623 1.35140148876
78 702 0.464704352653 1.34091343665 0.319003585028 0.319003585028 0.358229170466 0.47811327494 0.501899211057 0.598734128892 1.09818282628 1.34091343665
79 711 0.448648553944 1.31819500433 0.308719784404 0.308719784404 0.359671835413 0.479341687103 0.484652977315 0.599278916573 1.08690297084 1.31819500433
80 720 0.395886709685 1.2834974444 0.314650550516 0.314650550516 0.362856715053 0.462313672049 0.489064297964 0.60361835585 1.05228495719 1.2834974444
81 729 0.402409644907 1.24716749001 0.309245086981 0.309245086981 0.361877216223 0.450309811407 0.477115203439 0.583116574124 1.07019786094 1.24716749001
82 738 0.395965500118 1.20665631672 0.308130762643 0.308130762643 0.354967942383 0.443833576007 0.467361627504 0.588741335484 1.1386470281 1.20665631672
83 747 0.3547033698 1.19598958575 0.306109574886 0.306109574886 0.345852207555 0.426427246919 0.475543130932 0.588250360907 1.17269119746 1.19598958575
84 756 0.359025209103 1.18813273596 0.299040892199 0.299040892199 0.355622152802 0.426461795338 0.470261756786 0.567242699994 1.14934015274 1.18813273596
85 765 0.323602345096 1.17810369721 0.295134350785 0.295134350785 0.361965535899 0.414867898851 0.477783434907 0.569311518936 1.13945196349 1.17810369721
86 774 0.320820765382 1.15129108074 0.293185367357 0.293185367357 0.355631069345 0.409552895656 0.459460881515 0.561164332404 1.13127242213 1.15129108074
87 783 0.310503141087 1.13986809816 0.292180211352 0.292180211352 0.350617523408 0.407806863572 0.455881059929 0.56678614045 1.11691145816 1.13986809816
88 792 0.298349017013 1.14314090759 0.2981281583 0.2981281583 0.339990747711 0.407836381724 0.455725355853 0.557610083495 1.09136273722 1.14314090759
89 801 0.261796974048 1.15519201825 0.285738077673 0.285738077673 0.351479720351 0.40421625648 0.454439381265 0.570687659995 1.05433001711 1.15519201825
90 810 0.24732818709 1.13214610303 0.280742657209 0.280742657209 0.343846355297 0.392821300409 0.444517464354 0.558132455032 1.02756117743 1.13214610303
91 819 0.227487942515 1.10905025273 0.282504774619 0.282504774619 0.324793445965 0.391257815505 0.444201345696 0.563217527449 1.02146140186 1.10905025273
92 828 0.22521196689 1.1704881659 0.278444164287 0.278444164287 0.318133964176 0.381298607352 0.43442476499 0.535404174702 1.00395029066 1.1704881659
93 837 0.246772577136 1.12753670023 0.274008696584 0.274008696584 0.318797642976 0.390094566663 0.431110675391 0.542669112092 1.00753297968 1.12753670023
94 846 0.255809268826 1.16902412905 0.269171291223 0.269171291223 0.311990594847 0.388560558432 0.434512121326 0.561098616974 1.04232227352 1.16902412905
95 855 0.279971903185 1.17496501722 0.268066988858 0.268066988858 0.309214663794 0.387745723089 0.422797187953 0.55639752369 1.04626361882 1.17496501722
96 864 0.282419109445 1.20614339463 0.263595416375 0.263595416375 0.310539796784 0.390687613276 0.411241058462 0.566406339888 1.01685836508 1.20614339463
97 873 0.276783478322 1.24996799979 0.261535807891 0.261535807891 0.310640428423 0.373596787923 0.405528861674 0.550971787329 1.05004535919 1.24996799979
98 882 0.262733808089 1.27092256998 0.25636491692 0.25636491692 0.313013114586 0.36518117971 0.38367136127 0.544863028065 1.02724468701 1.27092256998
99 891 0.256015205074 1.27495885082 0.241784941783 0.241784941783 0.309860837051 0.35516917314 0.37804247328 0.572854768671 1.01200762684 1.27495885082
100 900 0.279311847821 1.2720108861 0.235949497614 0.235949497614 0.317041906882 0.346730205539 0.383700402772 0.575218733387 0.987291861181 1.2720108861
101 909 0.288277338038 1.23292744887 0.229118779628 0.229118779628 0.312311386698 0.343767179238 0.422193204234 0.591593121405 0.972252684495 1.23292744887
102 918 0.270672172222 1.24327945884 0.226406421342 0.226406421342 0.312395514539 0.342059013202 0.413255671879 0.59624714273 0.99674585529 1.24327945884
103 927 0.272205687659 1.20231563897 0.217980374669 0.217980374669 0.304074992952 0.349431403139 0.412577308968 0.594251446257 0.999557214585 1.20231563897
104 936 0.288046717766 1.21561971066 0.215159494254 0.215159494254 0.305931111146 0.342947548752 0.397623917323 0.598513429279 1.00179440511 1.21561971066
105 945 0.31642549448 1.20064032154 0.217723503425 0.217723503425 0.315944082459 0.340932794925 0.405729096663 0.587347916737 0.975823283961 1.20064032154
106 954 0.325129278331 1.20387416578 0.221654947265 0.221654947265 0.313092112455 0.348349526955 0.393478037148 0.579828788555 1.00118448508 1.20387416578
107 963 0.308340445723 1.21382273967 0.222544620151 0.222544620151 0.32723363828 0.360178811304 0.394884190653 0.558895260292 0.980979618539 1.21382273967
108 972 0.308576990113 1.17806189829 0.235950276138 0.235950276138 0.322168180862 0.363741696557 0.392923310116 0.550116060786 0.944091463536 1.17806189829
109 981 0.294502865354 1.2246108232 0.231742824292 0.231742824292 0.333603947828 0.35681065462 0.384841662121 0.56785616853 0.925512180907 1.2246108232
110 990 0.293651105491 1.20564754436 0.228368816447 0.228368816447 0.326486168061 0.345092169216 0.385853181971 0.572850047622 0.935010687477 1.20564754436
111 999 0.291327902834 1.33901481089 0.223113991537 0.223113991537 0.319443411172 0.355586765868 0.386457794891 0.563475372556 0.955659037257 1.33901481089
112 1008 0.269582575653 1.32050155672 0.221628303802 0.221628303802 0.320972860964 0.365931290367 0.393903334882 0.550949151751 0.966713553063 1.32050155672
113 1017 0.260635860993 1.33112740128 0.220922090092 0.220922090092 0.31002444769 0.355172401975 0.388962019448 0.541737808637 0.957030023312 1.33112740128
114 1026 0.245627550645 1.3500133156 0.222649754692 0.222649754692 0.318558422228 0.352250272017 0.370011340725 0.528630882843 0.939793552471 1.3500133156
115 1035 0.257399623407 1.35106879033 0.217083354746 0.217083354746 0.30996829523 0.344658176436 0.360720885195 0.518901982463 0.952244179191 1.35106879033
116 1044 0.293593996022 1.44997679837 0.209764428923 0.209764428923 0.308790106686 0.340846047492 0.362779214429 0.506823774597 0.926044554741 1.44997679837
117 1053 0.295298390724 1.63370829388 0.202269976687 0.202269976687 0.302375335869 0.330269437704 0.35635516393 0.513493388679 0.956871463587 1.63370829388
118 1062 0.298828064118 1.57534279529 0.203206174305 0.203206174305 0.301488159404 0.324929823924 0.356436103671 0.503337306667 0.945460606403 1.57534279529
119 1071 0.293163256361 1.59722160045 0.201886003569 0.201886003569 0.309595279723 0.321701887983 0.361315253511 0.506656997955 0.902405669172 1.59722160045
120 1080 0.270662731687 1.53906997006 0.195225617717 0.195225617717 0.299316615583 0.318102580255 0.362281971835 0.519072823858 0.957057772188 1.53906997006
121 1089 0.255910357872 1.51274079124 0.196093546077 0.196093546077 0.296107202503 0.313655850057 0.351272711908 0.51077207499 0.949490121077 1.51274079124
122 1098 0.233611165847 1.46668219918 0.202290429333 0.202290429333 0.285029505307 0.314443108683 0.346705437782 0.521503387503 0.936427063829 1.46668219918
123 1107 0.225668637401 1.43162959403 0.201636104501 0.201636104501 0.276188223917 0.305944561033 0.347379281886 0.513028649805 0.923437590381 1.43162959403
124 1116 0.197383220835 1.43081391771 0.199886391726 0.199886391726 0.271252986211 0.308784769271 0.342271840399 0.493971920359 0.907519324777 1.43081391771
125 1125 0.18286005482 1.43080343457 0.197539180956 0.197539180956 0.266454460436 0.294841464192 0.335158651183 0.484294975236 0.893542499677 1.43080343457
126 1134 0.178605630156 1.41405836908 0.189718386762 0.189718386762 0.260474444865 0.299171448221 0.331000629986 0.504287936345 0.886657787029 1.41405836908
127 1143 0.163633296048 1.41861330688 0.188735307184 0.188735307184 0.253099393433 0.300291792282 0.325940257662 0.5070901915 0.853760488329 1.41861330688
128 1152 0.1597092794 1.41393192496 0.189666579174 0.189666579174 0.25192173852 0.290301849815 0.309922351408 0.50149615009 0.862451053972 1.41393192496
129 1161 0.155602003649 1.40996946575 0.18761260454 0.18761260454 0.245016738098 0.287520489603 0.314097497355 0.484017203258 0.913946265722 1.40996946575
130 1170 0.163967939945 1.45377642786 0.187126924205 0.187126924205 0.243632714334 0.283975519225 0.296427927876 0.483002112444 0.925232922417 1.45377642786
131 1179 0.168933999693 1.50313753538 0.177516291736 0.177516291736 0.240407599097 0.289770383305 0.304207602414 0.47712131544 0.923086818734 1.50313753538
132 1188 0.174098177347 1.59917486632 0.171942772093 0.171942772093 0.242423030041 0.291993927361 0.300072288676 0.470794985391 0.900982344024 1.59917486632
133 1197 0.162636728033 1.61048411449 0.162821193755 0.162821193755 0.239178742092 0.290588050049 0.319388264129 0.477300543872 0.930528924484 1.61048411449
134 1206 0.16185342503 1.61624963482 0.161376312885 0.161376312885 0.235688262764 0.281061653821 0.312841811603 0.483519004968 0.927842328267 1.61624963482
135 1215 0.166744201887 1.67440994739 0.157654381564 0.157654381564 0.231296901672 0.28604155468 0.310708464214 0.480012400993 0.918950499818 1.67440994739
136 1224 0.188186483482 1.61235808031 0.159306265031 0.159306265031 0.230029343245 0.278656171834 0.332326718584 0.481913468162 0.905028978351 1.61235808031
137 1233 0.18628257093 1.58851972613 0.177400485009 0.177400485009 0.231824778989 0.282355272916 0.325747677165 0.471991010413 0.876968595966 1.58851972613
138 1242 0.203903815139 1.51372720956 0.1809093446 0.1809093446 0.22368754859 0.277064083439 0.317196968875 0.46790037863 0.869202474981 1.51372720956
139 1251 0.218409909878 1.52719132784 0.196123888435 0.196123888435 0.21640661115 0.277786172395 0.30878023476 0.456719805467 0.886211548747 1.52719132784
140 1260 0.206558560836 1.47742345659 0.203989024402 0.203989024402 0.219342110959 0.27257891238 0.304987913223 0.45191693513 0.874216056322 1.47742345659
141 1269 0.201455584743 1.41094536499 0.199626286557 0.199626286557 0.221838894149 0.272067241877 0.304547285128 0.443954707907 0.838612768123 1.41094536499
142 1278 0.190448452283 1.42251710394 0.202683756006 0.202683756006 0.219092690317 0.266471132549 0.297783216391 0.446102506149 0.815963539949 1.42251710394
143 1287 0.175072776204 1.39493354974 0.197715235336 0.197715235336 0.218241566169 0.259432606751 0.3031375895 0.437015634847 0.797349608947 1.39493354974
144 1296 0.171559456911 1.35602142251 0.190669050145 0.190669050145 0.218669119944 0.257012502519 0.30262489355 0.428972576508 0.797632255761 1.35602142251
145 1305 0.155550547172 1.33145349664 0.18015004529 0.18015004529 0.219159873148 0.250300841194 0.304193122912 0.449408666389 0.7805030803 1.33145349664
146 1314 0.142782297765 1.39779098605 0.182901835217 0.182901835217 0.219618360691 0.24221986544 0.29876219255 0.436722480362 0.786653357252 1.39779098605
147 1323 0.118392020777 1.37368456933 0.178257335732 0.178257335732 0.213530656338 0.238246991384 0.299690121156 0.436218131377 0.778284134138 1.37368456933
148 1332 0.115971835586 1.39215396962 0.176061622294 0.176061622294 0.208363942404 0.227974392173 0.296782237421 0.424747371836 0.762201507933 1.39215396962
149 1341 0.126105585938 1.38006083423 0.173487090535 0.173487090535 0.210925136429 0.225200065656 0.292531237073 0.41626222759 0.765084113072 1.38006083423
150 1350 0.140893495435 1.35458170877 0.1763673049 0.1763673049 0.211214424715 0.230428132207 0.289836701435 0.409277858609 0.779180598005 1.35458170877
151 1359 0.144993379477 1.32754490096 0.17558126969 0.17558126969 0.208053383474 0.244407274178 0.311095185761 0.405492815758 0.765224771956 1.32754490096
152 1368 0.139023258056 1.33837780328 0.173152915076 0.173152915076 0.209559164364 0.238393840569 0.303948989924 0.398449826188 0.811562653261 1.33837780328
153 1377 0.137239669882 1.33960016892 0.166574399727 0.166574399727 0.203291406974 0.247059171273 0.293117439021 0.405824744614 0.80858116037 1.33960016892
154 1386 0.136545788532 1.29302173566 0.168918974341 0.168918974341 0.206646969405 0.241203098067 0.290743758225 0.411212385819 0.812891399077 1.29302173566
155 1395 0.124283493788 1.31952755142 0.165111784903 0.165111784903 0.199642442281 0.240147087987 0.298702595648 0.409043063015 0.872348527079 1.31952755142
156 1404 0.101843410639 1.29044291437 0.160304167075 0.160304167075 0.192431827794 0.236552808016 0.296639349949 0.411737136955 0.864508487898 1.29044291437
157 1413 0.101547560974 1.24913833936 0.152436669014 0.152436669014 0.191894563062 0.232233584406 0.295596421443 0.408857193719 0.845106990828 1.24913833936
158 1422 0.0939492101891 1.22841531273 0.151183244303 0.151183244303 0.18483497743 0.235076172455 0.295009875024 0.407214164514 0.859287813071 1.22841531273
159 1431 0.0882996451479 1.23192129885 0.152857426484 0.152857426484 0.181796199021 0.224192921697 0.289656782314 0.400993169912 0.84024662299 1.23192129885
160 1440 0.0914355152524 1.19577000033 0.148455449026 0.148455449026 0.176351710201 0.220054424642 0.302683984309 0.392369193418 0.840952779777 1.19577000033
161 1449 0.0900922718789 1.23487366781 0.147823961017 0.147823961017 0.17575683903 0.226722371263 0.288162543424 0.397447334621 0.868128742348 1.23487366781
162 1458 0.0903803859153 1.27232130023 0.148245008385 0.148245008385 0.169688228053 0.22655307277 0.287916609934 0.387626957762 0.846755297841 1.27232130023
163 1467 0.0868030886061 1.29225835607 0.147864789232 0.147864789232 0.164190594841 0.223937361184 0.268596085741 0.396326435288 0.827276815126 1.29225835607
164 1476 0.0820078833045 1.29063009212 0.150212064705 0.150212064705 0.1590603444 0.224214333906 0.27047754874 0.394801722994 0.801912924861 1.29063009212
165 1485 0.0850902071611 1.26084777335 0.147394519933 0.147394519933 0.159231687527 0.223060111304 0.267929256803 0.411777521581 0.797535616151 1.26084777335
166 1494 0.0810579580728 1.22875112814 0.145490301426 0.145490301426 0.164368636351 0.218762192623 0.278924637319 0.401666077554 0.767808635774 1.22875112814
167 1503 0.0855813281968 1.17654835967 0.142655221267 0.142655221267 0.166657832025 0.214074332908 0.277435200509 0.385824446695 0.771823681075 1.17654835967
168 1512 0.0927424824724 1.17649164862 0.141600058048 0.141600058048 0.177128310994 0.21007108661 0.276828916148 0.386626498272 0.770480484753 1.17649164862
169 1521 0.0919553355446 1.14900264048 0.149418138963 0.149418138963 0.173351249888 0.209250770356 0.28000536317 0.382990483498 0.780496227782 1.14900264048
170 1530 0.102760134665 1.12696955934 0.146370338792 0.146370338792 0.171115988676 0.211128797461 0.274764616694 0.377986632724 0.764394752642 1.12696955934
171 1539 0.094012810148 1.1168460452 0.148178974788 0.148178974788 0.171726119792 0.210449059619 0.278536378246 0.370242388173 0.812548907333 1.1168460452
172 1548 0.0974234396528 1.10495736235 0.144098301746 0.144098301746 0.168218324603 0.207633098761 0.2746805448 0.365863854983 0.817999022146 1.10495736235
173 1557 0.0905931704229 1.09072141769 0.146099848962 0.146099848962 0.169037396371 0.205771289875 0.287097971772 0.364130574199 0.810902932126 1.09072141769
174 1566 0.0909333492762 1.06630648813 0.143689376915 0.143689376915 0.16464458684 0.208132343556 0.276481853192 0.361841354103 0.791235491091 1.06630648813
175 1575 0.0818627879621 1.06075524306 0.141606366282 0.141606366282 0.171241985593 0.207145617281 0.27209518511 0.357383094901 0.802027317411 1.06075524306
176 1584 0.0812487812462 1.04355272774 0.142493920391 0.142493920391 0.167204940722 0.202319774439 0.264131172037 0.355782996975 0.77523885691 1.04355272774
177 1593 0.0831836158997 1.01896452143 0.141372335266 0.141372335266 0.160399116231 0.214918195126 0.256804997431 0.357341069124 0.780602724182 1.01896452143
178 1602 0.0929842813015 1.02751265012 0.137913133124 0.137913133124 0.157851881651 0.219612853873 0.261823756772 0.356308699697 0.755714470149 1.02751265012
179 1611 0.0873833681091 1.0148860863 0.136655761089 0.136655761089 0.151049212628 0.22658862658 0.265810891298 0.377438499694 0.742395479321 1.0148860863
180 1620 0.0768345746032 1.00904790861 0.134648641575 0.134648641575 0.149188405062 0.22305973207 0.263032014358 0.365395132113 0.727447073096 1.00904790861
181 1629 0.0811270218038 1.0086236634 0.130552695076 0.130552695076 0.146375536319 0.218490797473 0.25840962956 0.354735471465 0.699929904332 1.0086236634
182 1638 0.0786905726278 1.00636605631 0.126326526293 0.126326526293 0.1476403804 0.213231901511 0.279313665591 0.338382015465 0.739118942691 1.00636605631
183 1647 0.0793986941314 0.975948067653 0.125326143085 0.125326143085 0.151470542515 0.215591388479 0.273007567433 0.333993543361 0.716162560177 0.975948067653
184 1656 0.0763408896757 0.943473640948 0.122684100364 0.122684100364 0.152263346458 0.224823404307 0.273086438232 0.333419352479 0.705107261366 0.943473640948
185 1665 0.0749957004333 0.937337122615 0.119920949282 0.119920949282 0.154736625605 0.224131716681 0.270651751903 0.316921630292 0.681664715314 0.937337122615
186 1674 0.0779731834389 0.934488997971 0.115762150321 0.115762150321 0.155729709086 0.224872608555 0.264264339462 0.31329800061 0.705732987165 0.934488997971
187 1683 0.0813589529694 0.925166979516 0.119291396364 0.119291396364 0.151400822085 0.214581489311 0.262653864149 0.309803759569 0.757844784374 0.925166979516
188 1692 0.0814617712359 0.903204795641 0.118052300888 0.118052300888 0.151405143693 0.211159341688 0.254325183994 0.315941738231 0.758013649399 0.903204795641
189 1701 0.0770345119761 0.896426080778 0.117774999455 0.117774999455 0.147664394945 0.207309842928 0.258863758412 0.312681162464 0.76259472641 0.896426080778
190 1710 0.0730555352068 0.885171364366 0.115160268876 0.115160268876 0.152819659085 0.207380573893 0.25170610009 0.315767229995 0.738041016853 0.885171364366
191 1719 0.0653332209179 0.931160386227 0.114242187869 0.114242187869 0.15125140885 0.203814887916 0.246820083717 0.309547790789 0.729061575747 0.931160386227
192 1728 0.0613272886639 0.906465167635 0.114119536318 0.114119536318 0.147023734178 0.206025045489 0.242492264015 0.308838578934 0.708381684497 0.906465167635
193 1737 0.0542113713461 0.862915815787 0.112089031445 0.112089031445 0.142839237122 0.198804589753 0.252866907872 0.307785909634 0.721220446048 0.862915815787
194 1746 0.0561633553669 0.843662910675 0.108423862005 0.108423862005 0.140593360379 0.193953234188 0.251840448012 0.302737749269 0.725914928921 0.843662910675
195 1755 0.0615697118821 0.841321891639 0.11398956862 0.11398956862 0.134940443496 0.193258367513 0.247691125053 0.306508181033 0.727008088696 0.841321891639
196 1764 0.063046551153 0.857043741942 0.119157958932 0.119157958932 0.137864548663 0.188798574385 0.247871753608 0.299848433828 0.698347694398 0.857043741942
197 1773 0.0561344433063 0.854363049487 0.11682941157 0.11682941157 0.13938061802 0.191929188357 0.236846529095 0.29596248709 0.692648217167 0.854363049487
198 1782 0.0550842341393 0.826093314255 0.117062172381 0.117062172381 0.137933817066 0.193017728219 0.233980654075 0.289247320275 0.682744811364 0.826093314255
199 1791 0.0504890163557 0.794095209082 0.115339299072 0.115339299072 0.140928871959 0.189384657352 0.243314837743 0.289611519746 0.662526378661 0.794095209082
200 1800 0.0509041319754 0.768955338691 0.113351028861 0.113351028861 0.140114450243 0.185324482725 0.233859306887 0.280720490496 0.660509733963 0.768955338691
201 1809 0.0596341056936 0.766806195456 0.108914847593 0.108914847593 0.147502517041 0.181854175187 0.227757093336 0.274373940585 0.670395032546 0.766806195456
202 1818 0.0608558843583 0.788982954274 0.107989140577 0.107989140577 0.156778158149 0.189204239395 0.217936548225 0.28536918829 0.636045940228 0.788982954274
203 1827 0.0619139632689 0.810909645304 0.109075598239 0.109075598239 0.155749855799 0.187129695004 0.218186698735 0.27546975764 0.607833754736 0.810909645304
204 1836 0.05829926581 0.842020576289 0.10738218883 0.10738218883 0.152312833375 0.182896747179 0.214177347435 0.268591844102 0.61038457435 0.842020576289
205 1845 0.0544468167999 0.83305511671 0.107085632078 0.107085632078 0.146652616891 0.186407254927 0.205750508066 0.283250564374 0.60117047407 0.83305511671
206 1854 0.0512821090006 0.836482038388 0.105611445206 0.105611445206 0.144147932793 0.181513815675 0.202083607312 0.28073160072 0.594116659954 0.836482038388
207 1863 0.0503636984021 0.833973307054 0.102277166035 0.102277166035 0.14070562087 0.174621738991 0.204232353703 0.287537049644 0.600685720137 0.833973307054
208 1872 0.0483300261934 0.895102483024 0.100441068729 0.100441068729 0.139202315777 0.169843676371 0.200409722434 0.276225523644 0.615809788729 0.895102483024
209 1881 0.0463404020321 0.895960167275 0.0988198209304 0.0988198209304 0.137454790633 0.167616634414 0.192060677943 0.280859489925 0.600402504893 0.895960167275
210 1890 0.0419380891903 0.847174225185 0.0965879610193 0.0965879610193 0.138623444915 0.164997763763 0.205534288437 0.274901371839 0.579098643038 0.847174225185
211 1899 0.0416406392278 0.83054880143 0.0958945592729 0.0958945592729 0.136777131676 0.166039099407 0.203359893607 0.271476708834 0.566135910176 0.83054880143
212 1908 0.0418662121648 0.806914693573 0.0993003843053 0.0993003843053 0.135966492635 0.159487187956 0.202121590277 0.276919929835 0.551776850803 0.806914693573
213 1917 0.0370107551978 0.797186733059 0.0974726906379 0.0974726906379 0.135845012605 0.156009474131 0.197457017164 0.275889584939 0.574638358436 0.797186733059
214 1926 0.0358820565328 0.793286686618 0.094804640967 0.094804640967 0.132950846049 0.159435416967 0.19112859202 0.269133539334 0.56724370186 0.793286686618
215 1935 0.0372351863764 0.8156577627 0.0919586861052 0.0919586861052 0.131189709077 0.157799705007 0.184966065339 0.2651007115 0.567313896654 0.8156577627
216 1944 0.0383519842238 0.847706981472 0.0905710782851 0.0905710782851 0.125912040883 0.155034618913 0.187489025656 0.253725637492 0.57166677251 0.847706981472
217 1953 0.0423211124464 0.875433433381 0.0888716492933 0.0888716492933 0.123504456567 0.154349977593 0.185424588715 0.253900170865 0.556146093152 0.875433433381
218 1962 0.0527543520623 0.906467482881 0.0940488953728 0.0940488953728 0.130473105784 0.150130061089 0.185657076193 0.243404858562 0.545727295398 0.906467482881
219 1971 0.0582252209493 0.914668390138 0.0925435689174 0.0925435689174 0.129771890801 0.148549516854 0.19233964997 0.249396853323 0.53737610194 0.914668390138
220 1980 0.0618825634509 0.902377118446 0.0920078095863 0.0920078095863 0.130644218969 0.13991222769 0.190746037181 0.245057483513 0.537581654148 0.902377118446
221 1989 0.0652097914972 0.891078353093 0.091849177713 0.091849177713 0.128597188982 0.135139247593 0.186171185319 0.246696880498 0.550804734308 0.891078353093
222 1998 0.0662084557921 0.877587629419 0.0895514356828 0.0895514356828 0.129029431818 0.131780535643 0.181669620878 0.242088286566 0.565840670597 0.877587629419
223 2007 0.0672284399964 0.865272805184 0.0920661157049 0.0920661157049 0.126170760617 0.12958170517 0.183595545664 0.240656238722 0.544184053868 0.865272805184
224 2016 0.0701018548438 0.857805726088 0.0935055422557 0.0935055422557 0.123916986807 0.129214380099 0.185391975711 0.230704867781 0.530496252967 0.857805726088
225 2025 0.0675261841219 0.856864292888 0.0918351662005 0.0918351662005 0.122243087797 0.135632178422 0.181601635375 0.22185116539 0.534859968591 0.856864292888
226 2034 0.0676672992348 0.832851044914 0.0909660893684 0.0909660893684 0.121218967607 0.137022226372 0.176956749638 0.215953867823 0.532126525629 0.832851044914
227 2043 0.0682309654501 0.843642240342 0.0898501118783 0.0898501118783 0.119255095165 0.135539505151 0.173083851148 0.222316859598 0.522453872481 0.843642240342
228 2052 0.0676649613424 0.885501775363 0.0855318581144 0.0855318581144 0.114525034982 0.139000239041 0.170793719732 0.218994798307 0.518232874316 0.885501775363
229 2061 0.0721490417986 0.907056531745 0.0834202731385 0.0834202731385 0.113365817087 0.137162522034 0.174864837874 0.217802948129 0.512299893612 0.907056531745
230 2070 0.072147911969 0.926919915535 0.0844744185246 0.0844744185246 0.123337936237 0.135093343554 0.171405978782 0.215111180006 0.491656146562 0.926919915535
231 2079 0.0781297919996 0.932898725228 0.0836908017048 0.0836908017048 0.120708377892 0.131477555995 0.174257102368 0.215567122579 0.496524524718 0.932898725228
232 2088 0.0886109657528 0.927824561991 0.0870067378966 0.0870067378966 0.119468439329 0.128587857176 0.170087091842 0.211329031887 0.523898895282 0.927824561991
233 2097 0.103798656234 0.941624769508 0.0889470544854 0.0889470544854 0.117804141637 0.125502184467 0.169115452602 0.20867315296 0.547930210594 0.941624769508
234 2106 0.103187328354 0.954421983519 0.087286684296 0.087286684296 0.117828762894 0.122672871675 0.166081080695 0.205858697809 0.60708221692 0.954421983519
235 2115 0.109015688537 0.903218249156 0.0896211378681 0.0896211378681 0.119180068687 0.124934594973 0.158991669769 0.201964139788 0.609187258656 0.903218249156
236 2124 0.120172863074 0.968076346462 0.086162067025 0.086162067025 0.118313000108 0.12392933474 0.159326343014 0.199716750763 0.607940098187 0.968076346462
237 2133 0.129218252934 0.990213846583 0.0826993108325 0.0826993108325 0.116482912043 0.120849695647 0.162053614818 0.200083014186 0.642664209692 0.990213846583
238 2142 0.151918339128 1.05621309259 0.0829456368604 0.0829456368604 0.114485008583 0.119668574742 0.158392303576 0.200176301977 0.615858639384 1.05621309259
239 2151 0.165490611635 1.10719506335 0.0836268942306 0.0836268942306 0.114101214822 0.123509075687 0.168855703902 0.198666861164 0.604757097097 1.10719506335
240 2160 0.172008980997 1.08598414743 0.0830606181865 0.0830606181865 0.11239204222 0.120726011976 0.168277167657 0.196815503486 0.648067394853 1.08598414743
241 2169 0.15279794895 1.10197262251 0.0815561916566 0.0815561916566 0.110892846409 0.122115415327 0.164359015497 0.196979058605 0.66637903951 1.10197262251
242 2178 0.127581293389 1.07813725425 0.0813442057127 0.0813442057127 0.11069581485 0.122971574279 0.163417241821 0.190367461392 0.651085951707 1.07813725425
243 2187 0.12739170872 1.05511967172 0.0806832770414 0.0806832770414 0.108244080929 0.120993204324 0.155675815033 0.183732852111 0.643248013478 1.05511967172
244 2196 0.129279800817 1.05444522868 0.0794449462049 0.0794449462049 0.111281841227 0.1170403181 0.151982186326 0.192606588446 0.63465992155 1.05444522868
245 2205 0.134290874949 1.0571437341 0.0847783591958 0.0847783591958 0.108910051788 0.116543476224 0.148116502557 0.202450591676 0.619320821913 1.0571437341
246 2214 0.122204750612 1.04905778182 0.0864997863578 0.0864997863578 0.108769902215 0.114306066417 0.153426686739 0.199186346435 0.603319201671 1.04905778182
247 2223 0.111596830115 1.02161811944 0.087746360725 0.087746360725 0.107472480473 0.112968139066 0.14989774673 0.200660294645 0.597771725911 1.02161811944
248 2232 0.103890437436 1.00347194563 0.08604169425 0.08604169425 0.10563805068 0.113820781422 0.14359192723 0.202360272639 0.585994246595 1.00347194563
249 2241 0.10775892538 0.991467304124 0.0859585550083 0.0859585550083 0.102597975442 0.109598942555 0.142269522761 0.198636863611 0.589971274939 0.991467304124
250 2250 0.106975955657 0.936442994184 0.0838476049469 0.0838476049469 0.104263355225 0.107764929602 0.147337715841 0.195629798724 0.626544259764 0.936442994184
251 2259 0.0992784984061 0.962610731594 0.0820731587433 0.0820731587433 0.102165787553 0.106586551699 0.141080056471 0.200093116465 0.622905629788 0.962610731594
252 2268 0.090926067258 0.969308053195 0.0797571293559 0.0797571293559 0.0999419068594 0.104870714365 0.139823714126 0.199057371999 0.611897903995 0.969308053195
253 2277 0.089509539043 0.972354933649 0.0805411460928 0.0805411460928 0.097681545616 0.105508755314 0.135829740781 0.195520029621 0.606385832027 0.972354933649
254 2286 0.0910590755124 0.963957834983 0.0803197680266 0.0803197680266 0.0964870476325 0.108188366086 0.133423951681 0.189225818821 0.613821820759 0.963957834983
255 2295 0.0909023076109 0.940142875832 0.0783911070023 0.0783911070023 0.0958106903948 0.113898509577 0.133134740323 0.185026663982 0.599705119603 0.940142875832
256 2304 0.0856659490435 0.94157004702 0.0792985026367 0.0792985026367 0.094179705697 0.113334413811 0.13291633852 0.175453779803 0.589504463984 0.94157004702
257 2313 0.0827198889304 0.919219193312 0.0790842631821 0.0790842631821 0.0937453438271 0.113364839495 0.132966470428 0.174675700017 0.564248883434 0.919219193312
258 2322 0.0801787908873 0.875990704471 0.0776362958644 0.0776362958644 0.0956072032909 0.11198772275 0.131637442642 0.174376735902 0.552305957464 0.875990704471
259 2331 0.0742453781825 0.858117085095 0.0740013046019 0.0740013046019 0.0937526246686 0.109551978349 0.13469487064 0.174656165947 0.54150752555 0.858117085095
260 2340 0.0693501550761 0.846641470464 0.0749920565819 0.0749920565819 0.0904205637274 0.110642843103 0.131395786893 0.171839547346 0.526725298044 0.846641470464
261 2349 0.0723049909621 0.821516505783 0.0754365169327 0.0754365169327 0.0909312405376 0.110973015042 0.130590501583 0.169401643927 0.508460997873 0.821516505783
262 2358 0.0703997170427 0.81767036155 0.0722497504078 0.0722497504078 0.0952990370452 0.112291702259 0.134117502272 0.17088598241 0.512077496816 0.81767036155
263 2367 0.0670588088312 0.795861410411 0.0688682620737 0.0688682620737 0.092353118053 0.112608076652 0.133615211612 0.173747287344 0.498595181426 0.795861410411
264 2376 0.0670759505628 0.803665253156 0.0675715123779 0.0675715123779 0.0920181355219 0.111367672759 0.130368930337 0.165137572389 0.502031596836 0.803665253156
265 2385 0.0662229727568 0.792729850836 0.0654168700471 0.0654168700471 0.0951203630986 0.107984897083 0.130068477183 0.163009393282 0.4919721634 0.792729850836
266 2394 0.0681175018754 0.817774905346 0.0631801567175 0.0631801567175 0.0930600164733 0.109452874553 0.131267259128 0.160473006065 0.480847024613 0.817774905346
267 2403 0.0710547472741 0.799671323375 0.0623451026731 0.0623451026731 0.0917056977768 0.111559735378 0.131013461139 0.157311027583 0.5034795448 0.799671323375
268 2412 0.0776057184021 0.775143461812 0.0646562689452 0.0646562689452 0.0904773704324 0.112679003935 0.130621550704 0.1637166292 0.494773309312 0.775143461812
269 2421 0.0938008310138 0.780524761491 0.0663544692785 0.0663544692785 0.0893098266665 0.112489700039 0.128119260614 0.169551684532 0.489404513716 0.780524761491
270 2430 0.11012656652 0.764142727017 0.0657424416947 0.0657424416947 0.0888712539429 0.116346884089 0.13210910298 0.169946378667 0.477843826744 0.764142727017
271 2439 0.123118512587 0.767620679013 0.0653231287426 0.0653231287426 0.0865540614532 0.115365685845 0.131199621156 0.167692202921 0.46237515246 0.767620679013
272 2448 0.126182418702 0.790136307044 0.0642000259035 0.0642000259035 0.0861010778051 0.111839277681 0.135946216413 0.174049570786 0.458203950153 0.790136307044
273 2457 0.122053672536 0.777895352293 0.061723156596 0.061723156596 0.0848246358152 0.109754553658 0.136146760827 0.171913949619 0.449857606239 0.777895352293
274 2466 0.122026151939 0.770880945435 0.0625656296282 0.0625656296282 0.0843159320479 0.108056445802 0.133175786129 0.168611230137 0.451840115004 0.770880945435
275 2475 0.103345404796 0.763164115705 0.063433964061 0.063433964061 0.0854587397137 0.105660989315 0.129392060941 0.165356414586 0.459144357966 0.763164115705
276 2484 0.104178519607 0.747735029916 0.0622196222212 0.0622196222212 0.0825693394553 0.101919118257 0.127283180054 0.162244467563 0.466765525923 0.747735029916
277 2493 0.0950407116617 0.769069590687 0.0612254147045 0.0612254147045 0.0810907989991 0.0987448225887 0.127440764664 0.163651765337 0.46619965453 0.769069590687
278 2502 0.0867831629062 0.768834771403 0.0586388958498 0.0586388958498 0.0820253787631 0.0972185252748 0.125035624447 0.161435999189 0.443453014717 0.768834771403
279 2511 0.0763156370843 0.750386528189 0.0568978121396 0.0568978121396 0.0810250868091 0.093867542071 0.124573764459 0.161985942497 0.440825312315 0.750386528189
280 2520 0.070444867974 0.730622166752 0.056383647923 0.056383647923 0.0788446342707 0.0917554276985 0.121245414693 0.156427417703 0.433403004158 0.730622166752
281 2529 0.0677410593645 0.744867344331 0.0568180972956 0.0568180972956 0.0787444132255 0.0882153917616 0.119459357169 0.152955061738 0.428081999674 0.744867344331
282 2538 0.0620764345732 0.763924202751 0.056909217669 0.056909217669 0.0779034507698 0.0881133801206 0.117044250098 0.152255421034 0.414326081565 0.763924202751
283 2547 0.0572897634541 0.739769441203 0.057538216897 0.057538216897 0.0744814433492 0.0868604446803 0.11446343652 0.152104243919 0.414005805271 0.739769441203
284 2556 0.0573389178011 0.735824551657 0.0587903176245 0.0587903176245 0.0750408818271 0.0858317066805 0.11046848826 0.14748050997 0.416720613286 0.735824551657
285 2565 0.0539161472081 0.708515294607 0.0574808198503 0.0574808198503 0.0755308048667 0.0838926941991 0.109312023263 0.157120539368 0.415901857845 0.708515294607
286 2574 0.0486077616353 0.693306046793 0.0566384453986 0.0566384453986 0.0744254473005 0.084251218427 0.106225621456 0.160595028723 0.412811692591 0.693306046793
287 2583 0.0517644027998 0.698783817372 0.0546876428487 0.0546876428487 0.0711739553416 0.0832257034228 0.102764013302 0.158603131883 0.413809137081 0.698783817372
288 2592 0.0545895840536 0.69662927308 0.053223715879 0.053223715879 0.0688615499708 0.082191498825 0.100932810823 0.158245920313 0.47052917172 0.69662927308
289 2601 0.0558081447659 0.700593952553 0.05239081198 0.05239081198 0.0707567299236 0.0799099462401 0.105871733299 0.156668802598 0.473081062275 0.700593952553
290 2610 0.0568750378629 0.68545931792 0.0510106067593 0.0510106067593 0.0706988567428 0.0787133826888 0.105400414254 0.165070090164 0.477694530826 0.68545931792
291 2619 0.0586593286854 0.669798150408 0.0515319512919 0.0515319512919 0.0744922186204 0.077972858427 0.103962267699 0.164689091396 0.458335544031 0.669798150408
292 2628 0.0620836748176 0.668612549904 0.0527768874086 0.0527768874086 0.072900558992 0.078460901616 0.101017378186 0.165468021045 0.454020229757 0.668612549904
293 2637 0.0665741837104 0.659497260512 0.0514165114188 0.0514165114188 0.072922844629 0.0765636474924 0.10029283313 0.179906244839 0.444004336072 0.659497260512
294 2646 0.0679928909515 0.672679040297 0.0521428750979 0.0521428750979 0.0729022665331 0.0756762958082 0.0958389695037 0.189830774142 0.438339874923 0.672679040297
295 2655 0.0719086968135 0.672585834012 0.0512612910989 0.0512612910989 0.0703468328715 0.076065548479 0.0949329363053 0.20273188301 0.418464552429 0.672585834012
296 2664 0.0712838523637 0.65900137482 0.0514957347833 0.0514957347833 0.0698726967811 0.0739266502502 0.0975472255035 0.209730276206 0.416403702371 0.65900137482
297 2673 0.0754729672789 0.641313554015 0.0513328748265 0.0513328748265 0.0693728086898 0.0753631743623 0.0956926386053 0.205742639228 0.409935764286 0.641313554015
298 2682 0.0825510048674 0.674848142554 0.0533167817125 0.0533167817125 0.0671970511555 0.0729574729537 0.0956537240384 0.207922863675 0.408120702404 0.674848142554
299 2691 0.0799253089676 0.672665541932 0.0525635933806 0.0525635933806 0.0648951811417 0.0707174895948 0.102739192735 0.209360595163 0.433914505857 0.672665541932
300 2700 0.0760624189815 0.671660570921 0.0513758144041 0.0513758144041 0.0642554928453 0.0703034074701 0.0986801804718 0.203752277156 0.441303033984 0.671660570921
301 2709 0.0727163440098 0.663679654013 0.049899067599 0.049899067599 0.0621184724156 0.0694049568426 0.109506038674 0.197964015004 0.442477073909 0.663679654013
302 2718 0.0726801126697 0.645498170143 0.0505512884375 0.0505512884375 0.0614863128202 0.0695940973172 0.108697161352 0.189669482663 0.453086760562 0.645498170143
303 2727 0.0821804484932 0.62371849573 0.049415110701 0.049415110701 0.0632329599276 0.0685573541165 0.114563849167 0.18423173043 0.452734976833 0.62371849573
304 2736 0.0830144013265 0.709178112907 0.0498755508425 0.0498755508425 0.0620754027528 0.0678912143831 0.111440521878 0.18381572718 0.438556647736 0.709178112907
305 2745 0.0822756613344 0.70684131805 0.0505178817085 0.0505178817085 0.0604900788678 0.0691780232065 0.106595204849 0.179504082391 0.448091872704 0.70684131805
306 2754 0.0811162634871 0.683990769195 0.0499339787655 0.0499339787655 0.0616549113543 0.0668969699596 0.1139573905 0.172731187179 0.44250862276 0.683990769195
307 2763 0.0777870199443 0.669194163841 0.0497547329774 0.0497547329774 0.0616957512368 0.0658067115693 0.113957309052 0.169670021535 0.448895515209 0.669194163841
308 2772 0.0753704368236 0.684328662665 0.0489030485157 0.0489030485157 0.0613416251728 0.0663834467769 0.107848152286 0.173051149376 0.449925481114 0.684328662665
309 2781 0.0789845429446 0.676350763176 0.0501255878434 0.0501255878434 0.0590564406886 0.06416465719 0.105403067873 0.17332688163 0.440141426393 0.676350763176
310 2790 0.0764955150848 0.664150956644 0.050981796802 0.050981796802 0.0587611011403 0.0638556377173 0.115493788985 0.166235854435 0.435003900727 0.664150956644
311 2799 0.0735644239697 0.654475592478 0.051398169657 0.051398169657 0.0593798164662 0.0652851595187 0.115785692339 0.161492787175 0.427690740258 0.654475592478
312 2808 0.0792477481058 0.659437888623 0.0495044687733 0.0495044687733 0.0600321181594 0.0643358942701 0.115588241172 0.159449011711 0.422588084485 0.659437888623
313 2817 0.0902439184563 0.65482636042 0.048674305043 0.048674305043 0.0599730167274 0.0626439730101 0.114500603688 0.157453767668 0.479201856231 0.65482636042
314 2826 0.0947708331077 0.64780361162 0.0476205975318 0.0476205975318 0.0584039517452 0.0620671513946 0.11501721956 0.15456957846 0.525115440399 0.64780361162
315 2835 0.0884507568176 0.662603843718 0.0465072707855 0.0465072707855 0.0579906253344 0.0605563093616 0.113403376723 0.157477239127 0.529135981479 0.662603843718
316 2844 0.0788458463125 0.64723157316 0.046580619155 0.046580619155 0.0566860560168 0.0612716012519 0.110136909143 0.156251737115 0.514349206982 0.64723157316
317 2853 0.0752078937008 0.639792579605 0.0442514879031 0.0442514879031 0.0565195138859 0.0611061641652 0.109132821588 0.164519692917 0.534615732336 0.639792579605
318 2862 0.0669002035356 0.626061894154 0.044265102621 0.044265102621 0.055583680646 0.062421495237 0.107718053217 0.160402451148 0.534350273512 0.626061894154
319 2871 0.0666524598394 0.596880799313 0.043947404885 0.043947404885 0.0545153932627 0.0632961223075 0.106886801426 0.159858364621 0.526007403837 0.596880799313
320 2880 0.0727399452766 0.6385067994 0.0432672998066 0.0432672998066 0.0551096427549 0.0621764562631 0.109487304763 0.161730055579 0.505243684266 0.6385067994
321 2889 0.0791562169547 0.601162166424 0.0441333761011 0.0441333761011 0.0546428535569 0.0643184860382 0.114508072332 0.165923157458 0.496572039666 0.601162166424
322 2898 0.0836602858174 0.617341230748 0.0436214778362 0.0436214778362 0.0528600240673 0.0708997696159 0.11375340387 0.160511875474 0.495223871147 0.617341230748
323 2907 0.0755938426568 0.624945443517 0.0417125682462 0.0417125682462 0.0527611784026 0.0717857046783 0.111629921181 0.160750279225 0.50288142222 0.624945443517
324 2916 0.0742019974368 0.621663454571 0.0403358080667 0.0403358080667 0.0518273470027 0.0705366588461 0.108407248645 0.155679557565 0.497582120431 0.621663454571
325 2925 0.0722972789221 0.615002466868 0.0397983552371 0.0397983552371 0.050514013789 0.0721731963279 0.109200606975 0.149887423619 0.486373410947 0.615002466868
326 2934 0.0671647215522 0.602224521122 0.0388210286935 0.0388210286935 0.0503593682115 0.0704673572936 0.1092128753 0.146798684764 0.486271203002 0.602224521122
327 2943 0.0686658721039 0.605297776845 0.0373280254197 0.0373280254197 0.0500969254095 0.0683156650009 0.107967333632 0.146712118224 0.482078075639 0.605297776845
328 2952 0.0681463012539 0.631517565379 0.0358135659959 0.0358135659959 0.0497031407174 0.0700932151786 0.106181266654 0.147364479178 0.500106462849 0.631517565379
329 2961 0.0643004118283 0.62689438381 0.0349588551677 0.0349588551677 0.0485042284347 0.0689412489461 0.101478293937 0.147408121938 0.528827415537 0.62689438381
330 2970 0.0679046189802 0.606913651768 0.0342051526806 0.0342051526806 0.0475056689907 0.0674558967114 0.101496579409 0.148461839989 0.528669419783 0.606913651768
331 2979 0.0715151768189 0.620153145602 0.032580170225 0.032580170225 0.0466125493203 0.066719977666 0.100052489013 0.164776638098 0.545406402944 0.620153145602
332 2988 0.0720363142265 0.596978769805 0.0319456569707 0.0319456569707 0.0457710882732 0.0657673170303 0.100515317777 0.175159592681 0.539508003422 0.596978769805
333 2997 0.0630192809175 0.580654543038 0.0317222121304 0.0317222121304 0.0433703323699 0.0650677268511 0.09987741347 0.178456945546 0.537460434312 0.580654543038
334 3006 0.0602322786401 0.602701394935 0.0310658896841 0.0310658896841 0.0427375431022 0.0609456678126 0.0984471936036 0.174306317333 0.527189095928 0.602701394935
335 3015 0.0589253029007 0.615596718233 0.0298032726684 0.0298032726684 0.0426949378873 0.0608387811687 0.100387298277 0.171672311496 0.505588075278 0.615596718233
336 3024 0.0581470251697 0.606527845647 0.0291871878735 0.0291871878735 0.042280567406 0.0596531237637 0.0972499802987 0.171937787501 0.555007569631 0.606527845647
337 3033 0.0638965018446 0.619003060895 0.0286502881199 0.0286502881199 0.0415865230327 0.0598993599834 0.0945766427367 0.169661490261 0.535875816566 0.619003060895
338 3042 0.0700726551906 0.64997517399 0.0291690506541 0.0291690506541 0.0415762153235 0.0599285944561 0.0933769577174 0.166131067278 0.543817539259 0.64997517399
339 3051 0.0820250025885 0.66266858085 0.0286675556231 0.0286675556231 0.0407373644439 0.0598343003191 0.0961158484085 0.164547419534 0.54363501088 0.66266858085
340 3060 0.0908774934437 0.703681351563 0.0305358206304 0.0305358206304 0.0407171850726 0.0596147842259 0.092777588794 0.162819573081 0.538521315885 0.703681351563
341 3069 0.103360852159 0.695888759797 0.0313853773632 0.0313853773632 0.0389340340986 0.0600362369715 0.0923034364599 0.168176139948 0.534571349675 0.695888759797
342 3078 0.125693091218 0.700387462672 0.0316921522676 0.0316921522676 0.0378992942962 0.0622718626071 0.0900861559918 0.169600371886 0.527096267467 0.700387462672
343 3087 0.124845626009 0.713431627255 0.0311606104069 0.0311606104069 0.0374088615911 0.0629048192693 0.0907581115802 0.16945393728 0.517706172125 0.713431627255
344 3096 0.126374448746 0.714223302 0.0303562745549 0.0303562745549 0.0367280844461 0.0617016708997 0.0900488746274 0.16428849628 0.50111301875 0.714223302
345 3105 0.12941260292 0.728770799078 0.031459549394 0.031459549394 0.036275491522 0.0597367293967 0.0865142178515 0.160413045436 0.508466793346 0.728770799078
346 3114 0.137894688536 0.74127725918 0.0316576482959 0.0316576482959 0.0351998877811 0.0598392490692 0.0887721045139 0.162431164878 0.495168433188 0.74127725918
347 3123 0.137267479101 0.774156271437 0.0313423957375 0.0313423957375 0.0352800190386 0.0590175633549 0.0940641317162 0.164844413119 0.481677465571 0.774156271437
348 3132 0.144602146299 0.760976991443 0.031159279661 0.031159279661 0.034571327523 0.0622980635406 0.0921119772523 0.167721610158 0.486588132543 0.760976991443
349 3141 0.14562007911 0.769953050306 0.029898764829 0.029898764829 0.0342078989671 0.0641246352185 0.0947635114806 0.163296964305 0.495438823263 0.769953050306
350 3150 0.137147743888 0.743902692908 0.0301195539481 0.0301195539481 0.0335267310482 0.0633161436366 0.0950198652265 0.167529849538 0.499010965079 0.743902692908
351 3159 0.118570193616 0.7344494906 0.029795387802 0.029795387802 0.0335319474304 0.0641259940316 0.0933329968035 0.172128487489 0.495233643879 0.7344494906
352 3168 0.108732153562 0.731419608656 0.0298141490559 0.0298141490559 0.0337022693407 0.0631042239986 0.0916042010326 0.167741710007 0.492540650838 0.731419608656
353 3177 0.10217951875 0.715083143938 0.0291080095609 0.0291080095609 0.0329172598427 0.0611680006914 0.0907318384257 0.170347695045 0.49648309078 0.715083143938
354 3186 0.0975748831114 0.720625934641 0.028264765869 0.028264765869 0.0326637621396 0.0601764050898 0.0896558572679 0.166149858285 0.497015421963 0.720625934641
355 3195 0.0942514431201 0.720170958287 0.0274645064445 0.0274645064445 0.0324819535223 0.0577680842846 0.0890934398855 0.163914070795 0.509005469995 0.720170958287
356 3204 0.0952185665866 0.706205560691 0.026698173301 0.026698173301 0.0327467453558 0.0560028531749 0.0899268787444 0.170591720327 0.509434854773 0.706205560691
357 3213 0.089184675589 0.693551675565 0.025409851404 0.025409851404 0.0334173401468 0.0544300856025 0.0900622401681 0.172647561457 0.51657828055 0.693551675565
358 3222 0.102947657677 0.69631090538 0.0250443521052 0.0250443521052 0.0333349711709 0.0531166021229 0.0897571979125 0.16998199737 0.496184196361 0.69631090538
359 3231 0.102914241579 0.667569671036 0.0246501518306 0.0246501518306 0.0350711677847 0.0539698415724 0.0972353197291 0.172331131473 0.487216266337 0.667569671036
360 3240 0.114564195697 0.654695524769 0.0243808939908 0.0243808939908 0.0347271012369 0.0536714950227 0.100067187716 0.167481719093 0.4816410556 0.654695524769
361 3249 0.123739678267 0.66653278341 0.0267927528048 0.0267927528048 0.0340578959687 0.054041142932 0.100430334957 0.169605459824 0.468533146672 0.66653278341
362 3258 0.114167481502 0.667509844079 0.0267693481096 0.0267693481096 0.0330450113634 0.0530663174406 0.0994939830987 0.181537389559 0.468405283541 0.667509844079
363 3267 0.108048591859 0.644550684091 0.0261857914672 0.0261857914672 0.0334261794629 0.0514835245979 0.0964324407608 0.18175924543 0.470437787474 0.644550684091
364 3276 0.104163875171 0.63381205479 0.0260421451031 0.0260421451031 0.0342552035307 0.0502355387208 0.0958782760029 0.176855357426 0.459752977182 0.63381205479
365 3285 0.103143280373 0.625939839266 0.0253212322529 0.0253212322529 0.0336292322296 0.0490906473196 0.0973981260806 0.173681045768 0.455382259749 0.625939839266
366 3294 0.0892233398206 0.628646400046 0.0255665579247 0.0255665579247 0.0330395525223 0.0472327392992 0.09857016329 0.170075886338 0.451356655047 0.628646400046
367 3303 0.0897765322381 0.619269924781 0.0249312330916 0.0249312330916 0.031890301332 0.0463140837806 0.0963155346041 0.168807316926 0.441140137852 0.619269924781
368 3312 0.0922081880734 0.613670065326 0.0243016956333 0.0243016956333 0.032174539237 0.0504658726304 0.0900152172552 0.166020163589 0.437641390861 0.613670065326
369 3321 0.0927186803811 0.670103482475 0.0239203093076 0.0239203093076 0.0320419070524 0.051818643308 0.0898912407812 0.161490222247 0.430633598544 0.670103482475
370 3330 0.0973085868021 0.665408129389 0.0236167853613 0.0236167853613 0.0311043371015 0.0503785791267 0.0878488772569 0.170244757498 0.424215085938 0.665408129389
371 3339 0.0896442541011 0.653692111774 0.0232465338643 0.0232465338643 0.0311820438427 0.0494409585455 0.0989674717034 0.170437495729 0.413589578239 0.653692111774
372 3348 0.0853354179825 0.635733002331 0.0228765880748 0.0228765880748 0.0308497552466 0.0484092838452 0.097305084107 0.168880264538 0.410168492529 0.635733002331
373 3357 0.0928984357085 0.634686101209 0.0226093138239 0.0226093138239 0.0297455383509 0.0479428812978 0.0997366254907 0.165614577884 0.404162498971 0.634686101209
374 3366 0.100829666625 0.672528382681 0.0233439711856 0.0233439711856 0.029329151069 0.0469018144166 0.099882518842 0.165370020941 0.400746876279 0.672528382681
375 3375 0.0969815785371 0.67362780784 0.02267033251 0.02267033251 0.0287232284871 0.0489766018026 0.0997342949024 0.168945361957 0.404301713699 0.67362780784
376 3384 0.106841860427 0.671681522172 0.0222202265488 0.0222202265488 0.0280797018636 0.0484160453791 0.0970149711009 0.171728721287 0.40315791482 0.671681522172
377 3393 0.123555913407 0.658283627542 0.0230499927631 0.0230499927631 0.0294175800392 0.048176998489 0.0942407853316 0.18064531967 0.394935317297 0.658283627542
