% # iter+eval+sigma+0+fitness+xbest, seed=888861, Sun Nov 23 12:08:58 2014
1 9 0.862350377825 0 -2329527 3.42774743915 2.97648476789 0.634175983191 0.515485403145 1.74124184628 2.6708764092 1.8924631639
2 18 0.826972256072 0 -1411995 2.48012792642 3.09518687361 0.757251630139 -1.09189131037 2.80002178792 2.29429172034 1.68660040527
3 27 0.832680785853 0 -2257128 1.93855718003 2.81022259749 1.12747358438 -0.414557205418 0.657009527703 2.11607460175 2.11853118825
4 36 0.807968134474 0 -1907661 2.26410380152 2.05545871705 0.261388650327 -0.386918882875 0.0217783860004 2.2612074573 2.0975595853
5 45 0.838580043581 0 -2383908 2.03521950139 2.09675261258 0.309033377063 -1.56272270394 1.63573487501 2.32266153692 3.10737249634
6 54 0.894685309224 0 -1762071 2.75932591862 0.610348582837 1.21376404523 0.447282500538 1.16925839172 2.54745731651 3.93857299459
7 63 0.784884916047 0 -1846899 2.60677447229 1.91633293123 0.625447839806 -0.587693223201 1.20104956028 2.50657417211 2.65576519542
8 72 0.780484089524 0 -1705452 3.02250786207 0.407220808403 1.24791754777 0.280298768639 1.6152388333 1.27925861483 3.13186079344
9 81 0.863000614402 0 -1468311 2.72222169357 0.279383861941 2.28308310274 -0.150514301178 0.812116619316 2.28538224794 2.56451636803
10 90 0.852567875029 0 -1593684 2.32538768361 0.378697586757 2.00319630238 0.221245665535 0.78124179822 2.12285344715 2.21370867623
11 99 0.773390809045 0 -1690131 2.437137596 0.711348159314 1.80061648524 -0.0921900140864 -0.0615950370432 1.1865812037 1.99643567692
12 108 0.761372402477 0 -1579377 2.12871735943 1.75026923474 1.00469229866 0.102175862087 -0.0372526816421 1.77154305401 1.51175126672
13 117 0.811725758922 0 -1374030 2.1035063465 1.88534682806 1.25218546072 1.54936004585 0.550965600536 0.60631223227 2.70750767942
14 126 0.819032104548 0 -2203590 3.02873984575 1.28794233203 2.40944309505 0.930696144614 0.864184321468 1.95464415055 4.03025157383
15 135 0.778180202903 0 -1684161 2.43897993052 2.06546578378 1.39088165725 0.907636742667 1.08807353432 1.10400646456 3.37667276668
16 144 0.687839768272 0 -1903638 2.3107807624 1.46581343486 1.39806967382 0.674297960094 0.660730661131 1.68229300182 4.14563641227
17 153 0.623672291241 0 -2007408 2.26956148802 1.8643732125 1.08771488063 1.0341927449 1.10303821945 0.385368895096 3.69615465655
18 162 0.607160665747 0 -2134044 2.1065619045 1.94842061493 0.969077402847 1.16528345667 0.855822162283 0.677961844612 3.60375197552
19 171 0.69363091527 0 -1898196 2.46357416325 0.93878768367 0.913433333221 2.32359050312 1.44074888305 -0.604200287581 3.99028231299
20 180 0.708154209716 0 -1622583 3.01429224359 0.972592023916 0.0821442997516 0.679188181703 1.96324945233 1.25413391679 3.75836860853
21 189 0.661725120819 0 -2076279 2.38378644503 0.984659154209 0.107356218637 1.0748413473 1.85452915344 0.0359355069353 3.52031865074
22 198 0.597263523386 0 -2503464 2.48778466355 1.83952900595 0.442657782571 0.731417052219 1.46567330358 0.207254699692 3.05335866452
23 207 0.591752501292 0 -1633167 2.66809958162 0.457290163886 0.476962779048 1.01654026852 1.37524393359 -0.625154253837 3.98637711347
24 216 0.532472353393 0 -1947669 2.959025694 0.947040337648 0.313629721077 1.1584859725 1.80030867204 -0.249207639663 4.00870122107
25 225 0.466072443942 0 -1934046 2.58124938028 1.4508566407 0.47198418082 0.711212670285 1.68191944274 0.301259573424 3.6770357631
26 234 0.461144301534 0 -2156250 2.20734307512 1.53817191103 0.381287205364 0.808481685898 1.2876668065 0.632373531627 3.37322862675
27 243 0.434172712156 0 -2450832 2.28999112561 1.78520869946 0.498522176792 0.924945997585 1.42658620742 0.0519973742355 3.46705106266
28 252 0.467449796019 0 -1928829 2.1643339983 1.56434063653 0.113585913537 1.20740657418 1.69140987259 -1.12857615135 3.5055120328
29 261 0.480214141327 0 -1706052 2.1678722482 2.63623043535 0.0449855147903 1.03743567219 0.722688939081 -0.31527999567 3.45574827598
30 270 0.463522244544 0 -2498640 2.0253481463 2.24257418595 0.431257872217 0.549769678932 1.20001718121 -0.11478036299 2.99448114017
31 279 0.444055841285 0 -1891701 2.48150520943 1.98037479012 0.48156199708 1.41949564723 1.25421226121 -0.823143455555 3.46706037713
32 288 0.428438865736 0 -1911969 2.23171905179 2.44708772506 0.256178310137 1.03118961422 0.813757253056 -0.821180399098 3.30425113973
33 297 0.427452632299 0 -3208413 2.1481311863 2.55896645625 0.162922949913 1.34612725207 0.656277799535 -0.268360281013 3.35540543927
34 306 0.439687628793 0 -1931142 2.54046265336 1.93505064552 0.837072167226 0.594461108386 0.530577623242 0.993091618649 3.13011725997
35 315 0.487029361466 0 -2293977 2.42901026175 2.55493281331 0.876627185104 1.36915714217 1.30510502598 0.316158122307 3.70501364301
36 324 0.471358130027 0 -2119536 2.22473392502 2.76239825954 1.0056821021 1.75817892087 1.16622454899 -0.355199161984 3.93289014626
37 333 0.42561823029 0 -2095122 2.60946840243 2.05851716189 0.894278482637 1.28030292634 1.18437392494 -0.0172089441223 3.82028037511
38 342 0.392514767304 0 -2468331 2.62853855827 2.01056303347 0.992583765334 1.27208271354 1.08313673763 0.0365489076305 3.11398135469
39 351 0.386100611974 0 -2337075 2.20353577755 2.09161700358 0.517761726663 0.528385031498 0.851816607525 0.348888113819 2.85435956702
40 360 0.363640067983 0 -2117442 2.14936345641 2.16622491939 0.401269537572 0.622451361179 1.33441721281 -0.0793377493559 3.10527944809
41 369 0.375552078403 0 -2533056 2.39252349082 1.59711686751 0.693083786916 1.00158051854 1.80452865239 -0.180813748531 3.25848849559
42 378 0.363304471283 0 -2492553 2.06844655258 2.45225692534 0.650424892058 0.617536593403 1.1486738681 0.679070800517 3.20466652671
43 387 0.362993794091 0 -2012631 2.11361168024 1.76738779548 0.680429518805 0.626919765563 1.76031282312 0.12494641589 3.26491177739
44 396 0.316069146074 0 -1683405 2.2483738756 2.36658088463 0.510024862527 1.31616149695 1.34117303086 -0.130266631653 3.21266709063
45 405 0.311196413838 0 -2695656 2.56828446421 1.81809441405 0.984439186523 1.22362128353 1.3679754448 -0.289912120359 3.59830927171
46 414 0.289243013944 0 -1895988 2.30203961366 2.42950458066 0.65100872189 0.762145527646 1.10741538986 0.187228782352 3.42327387898
47 423 0.282180321797 0 -2701479 2.35025921528 2.15520573782 0.62181762483 0.901443651274 1.67060387917 -0.296616244989 3.58751828806
48 432 0.280605414319 0 -2384625 2.38091966231 2.55975898792 0.420894344209 0.997313228492 1.23764832123 -0.367437325667 3.28221578688
49 441 0.264685820705 0 -1928328 2.35528296186 2.64187001828 0.402757572595 1.02659236152 1.51703494944 -0.215596149233 3.26562867462
50 450 0.257614632043 0 -2121462 2.59562858919 2.17950698629 0.615779271057 0.612549441453 1.51323957782 0.109335755681 3.37411006759
51 459 0.27267842549 0 -1852095 2.72696021642 2.34475230433 0.496694365558 0.758390023053 1.1386441102 0.370642006022 3.45390752492
52 468 0.254948799775 0 -2224182 2.63754138761 2.42784951377 0.782849528813 0.982264866228 1.39008455272 -0.286679393611 3.44455845452
53 477 0.258572949184 0 -2035248 2.61441571662 2.02020789726 0.818707696713 0.599753493768 1.64332650298 0.182191589437 3.45597306314
54 486 0.271189669308 0 -2490354 2.46851237788 2.23497070096 0.943441387053 0.722709838388 1.89032349494 0.028989592152 3.43294346367
55 495 0.305644593504 0 -2058813 2.53389588576 2.15679793973 1.20460598577 0.822270330359 1.39526368268 -0.160718443044 3.38739786372
56 504 0.332941668736 0 -1855176 2.61325552047 1.79753681625 1.38849371306 0.676880299656 1.76315608673 -0.340036402568 3.67926940272
57 513 0.372420493136 0 -2178987 2.76936251257 2.07229650246 1.43145400949 0.469724797933 1.70209629933 0.146270697251 3.69413594659
58 522 0.379478786087 0 -2353332 3.0442504761 1.90522359833 1.22218395942 0.467036833909 1.35359663197 0.345143102943 3.49023460103
59 531 0.40279962457 0 -1603638 3.38140643378 2.00630078151 1.6279169693 0.962886398515 1.86913496085 -0.0598124745854 4.18174026446
60 540 0.396854089884 0 -1641888 2.77009477285 2.7011623295 1.00232579231 0.733152688443 0.937455546613 0.524541083355 3.20795776208
61 549 0.492677034726 0 -2075076 2.73179870634 2.66413904651 1.31053412765 1.61211036763 2.16960771736 -1.04921165097 3.52027337588
62 558 0.560998311124 0 -1888113 3.18875688893 2.58231035307 1.21752922321 1.50655907858 1.71890225485 -1.0454910988 3.60327328348
63 567 0.573864879877 0 -1556655 2.56841495077 3.09029307778 1.35418934575 2.0642567211 1.71394726265 -1.42405424045 3.53694548594
64 576 0.601592932739 0 -1901700 2.50399553616 2.97982953419 0.863452217614 1.13630459434 1.63484307838 -1.49556383687 3.17791462775
65 585 0.57055413159 0 -1778610 2.22355120553 3.49450450551 0.836334290391 1.1982113094 1.6395368142 -0.759637353097 2.71901918845
66 594 0.575829503101 0 -1558188 2.78928578371 3.59388891502 0.734225666121 1.9402715807 2.37189645463 -1.16542276468 3.13071107715
67 603 0.532782493005 0 -2074812 2.77260585951 2.76500896283 1.79331224861 1.43870313881 2.65078918545 -1.04016716245 3.45299227117
68 612 0.585864218643 0 -1958883 2.42839507801 2.93087425263 1.82081449041 1.55245043722 2.28318965814 -1.75384799538 3.26496824746
69 621 0.600938250906 0 -1855863 2.57306764581 3.61908717638 1.03658816431 2.1023316153 2.7627131065 -2.49340455804 3.38207524931
70 630 0.566474737219 0 -2072973 2.52030565551 3.28741643539 1.43996045581 1.79997135291 2.27098143112 -2.12843663802 3.63108823232
71 639 0.609438149914 0 -2091357 2.09019498303 4.18178598727 1.51331380245 3.04879800374 2.42547520005 -3.28360239182 3.72389609299
72 648 0.605152281337 0 -2505102 2.57228387396 3.91661791418 1.13084651884 2.41509711107 2.64995446741 -2.53036143194 3.26664867478
73 657 0.588117827797 0 -2051934 2.07516351798 4.26995006808 0.587342967741 1.78801444607 2.47934600926 -2.20705516225 3.1786260911
74 666 0.603484559662 0 -2076294 2.01721082786 4.86376342611 0.785329559861 1.82042694746 1.89915714086 -1.09726058025 3.13938438127
75 675 0.613038340277 0 -2472564 1.67747280064 4.20946863484 0.914899625738 1.86702155071 2.1229848212 -1.95643040408 2.94948496468
76 684 0.619273524828 0 -2009706 1.78360337086 4.0236189062 0.999141265963 1.53334673192 2.92676766957 -2.17401756733 3.65409050803
77 693 0.515879904081 0 -1957674 1.97673703941 4.62055471175 0.852025008467 2.45098084549 1.98021534187 -2.49148840761 2.97297749091
78 702 0.464704352653 0 -2320191 2.15113805229 4.51568090979 0.864380042667 1.99210518753 1.88348330879 -1.66036453486 3.22130225336
79 711 0.448648553944 0 -2096196 2.11241563161 3.77134440931 1.28005542877 1.84912956537 2.71054113265 -1.95157817363 3.33787091702
80 720 0.395886709685 0 -2517342 2.10108266318 4.54726242412 0.891364744055 2.34365207554 2.02403655401 -1.81750066816 3.04657446988
81 729 0.402409644907 0 -2185776 2.17744212612 4.73623896215 0.830779445212 2.36854894708 1.65111272533 -1.78729888376 2.81096867702
82 738 0.395965500118 0 -2857788 1.6651178267 4.58924246693 0.265947575607 1.95820722472 1.44103286122 -1.40938883476 2.50279257626
83 747 0.3547033698 0 -1765884 1.91197332708 4.53944874756 0.692552025605 2.28381980999 1.69809123068 -1.73085483106 2.7866968541
84 756 0.359025209103 0 -1976376 2.02873563896 4.01872887064 1.00616688314 2.26820135707 2.33452875183 -1.82254244026 2.84144200805
85 765 0.323602345096 0 -1743039 2.07991990753 3.98417688229 0.846152264976 2.32196665622 1.8598964876 -1.43417551622 2.92359800032
86 774 0.320820765382 0 -2036574 2.06870863022 3.76967997606 0.918019026509 2.24573050705 1.86806370695 -1.10846127104 2.8238001637
87 783 0.310503141087 0 -2537934 2.32454404585 3.99820115725 1.17466141437 2.25157995455 2.19821055266 -1.76143375735 3.03580907342
88 792 0.298349017013 0 -1882989 2.28982211667 4.19868367052 1.06742539085 2.45246637312 1.76410828968 -1.22280375048 2.7924586809
89 801 0.261796974048 0 -1990671 2.29743992375 4.05650775715 1.09104642332 2.34590460792 2.17436250516 -1.51432150868 3.01366326099
90 810 0.24732818709 0 -1835439 2.17536058579 3.96172122684 1.1876096307 2.37980404872 2.04586687829 -1.59757115176 3.12172827692
91 819 0.227487942515 0 -1966623 2.12349076051 4.16204494833 1.14650383016 2.46990340492 2.02564676435 -1.56846563066 3.01916058368
92 828 0.22521196689 0 -2375613 2.23750657308 4.05108183129 1.11992963808 2.71537315982 2.17572652003 -1.65072290077 3.14162150836
93 837 0.246772577136 0 -2152209 2.13157971447 4.00705608654 0.905484399347 2.54108563699 1.76870721744 -1.12960722 2.88393416403
94 846 0.255809268826 0 -2172084 2.2117891355 4.15703689356 0.973542149892 2.54905807125 1.87402355441 -1.1440239405 2.80136480373
95 855 0.279971903185 0 -2191449 2.14076547818 4.05941896291 0.953462581689 2.48338440748 1.82802062847 -0.839243651594 2.80182746674
96 864 0.282419109445 0 -1897299 2.23365818773 3.80186076657 1.08675720805 2.25176486099 1.99036811142 -1.08021535939 3.01908311956
97 873 0.276783478322 0 -2229177 2.06226127215 4.01263369518 0.847332309498 2.26629018237 1.79373883348 -0.868950499263 2.92006563071
98 882 0.262733808089 0 -2788494 2.0708612717 3.8780666727 0.844728345481 2.42134250505 1.54945299086 -0.640135432599 2.65771248306
99 891 0.256015205074 0 -2237610 2.15571995717 3.74292821878 0.884459915819 2.33334815915 1.79937894147 -0.962667825991 2.86740982379
100 900 0.279311847821 0 -2256975 2.05232814047 3.92924517199 0.800004360851 1.94970407895 1.64224082814 -0.710428704733 2.90609634446
101 909 0.288277338038 0 -2022516 2.15818374154 3.42733774232 0.700007574521 1.92137584001 1.52951277648 -0.20507397879 2.88435444723
102 918 0.270672172222 0 -2091030 2.22175138088 3.69913912112 0.87507939013 2.39196170983 1.44751508876 -0.74827520206 2.783790823
103 927 0.272205687659 0 -2005983 2.01126813983 3.98938662403 0.639937728634 2.47894749479 1.23705222676 -0.467486627531 2.45398700382
104 936 0.288046717766 0 -1883235 2.02761284001 3.98642407189 0.659871969655 2.2868857848 1.29052052416 -0.621753156799 2.40649378858
105 945 0.31642549448 0 -2177235 1.9995077149 4.21099421003 0.755478739166 2.40366108472 1.21738969195 -0.860820631616 2.30842263064
106 954 0.325129278331 0 -2281656 2.16452547175 4.04963757319 0.92547460463 2.2029580404 1.57476319732 -0.693856787581 2.47376366384
107 963 0.308340445723 0 -2424825 2.24990795553 4.03180232226 0.67987187488 2.48591759548 1.36640093939 -0.874238549104 2.44039511024
108 972 0.308576990113 0 -2829645 1.9972426101 4.07175889476 0.626668110282 1.93297639804 1.28460543628 -0.464469715907 2.53712110532
109 981 0.294502865354 0 -2390400 1.94241241766 4.23134000052 0.524707117717 1.9060664396 1.09301604213 -0.243429259089 2.51537034388
110 990 0.293651105491 0 -2443071 2.25537375645 4.0465095923 0.856488359633 2.8374762906 1.55587809055 -1.3059245916 2.60642556266
111 999 0.291327902834 0 -2045814 2.21892956914 4.12918404151 0.826961897227 2.5713389177 1.26637808017 -0.620897503188 2.61307955776
112 1008 0.269582575653 0 -2210658 2.13210968598 3.96484602644 0.869854827603 2.46160403843 1.53466220588 -0.902158428553 2.73323516688
113 1017 0.260635860993 0 -2157273 2.11493723649 4.0546576533 0.917925883436 2.27125414319 1.47905890652 -0.611988059694 2.55729047259
114 1026 0.245627550645 0 -2195100 2.22797939037 3.99635381573 0.897972099706 2.69334929503 1.65434534728 -1.01042055199 2.72322017869
115 1035 0.257399623407 0 -1937235 2.26649252393 3.88960875656 0.96959733959 2.88418601469 1.8133015999 -1.19237650553 2.63061576293
116 1044 0.293593996022 0 -1997967 2.2310949017 3.66532980262 1.03162945093 2.60699773741 2.03889692384 -1.36047184658 2.99051634063
117 1053 0.295298390724 0 -2114634 2.29220931227 3.53393253629 1.15919793108 2.6372981687 2.17880787607 -1.27303873829 3.09076197255
118 1062 0.298828064118 0 -1853958 2.07307461664 3.97692381449 0.728556074452 2.39243870744 1.75413659386 -1.03693807826 2.95924939792
119 1071 0.293163256361 0 -2318298 2.20767750573 4.13305898852 0.839364234214 2.9092978491 1.86302041288 -1.3957815168 2.80831773899
120 1080 0.270662731687 0 -2277492 2.14107927481 4.03423999769 0.783555588852 2.30379056468 1.67175808534 -0.863180318578 2.96940009002
121 1089 0.255910357872 0 -2094870 2.15045250986 3.71799969529 0.969661981443 2.5101207193 1.91312210214 -1.25942643456 3.06793456049
122 1098 0.233611165847 0 -2378322 2.12202702248 3.98143944088 0.939745674977 2.38269221189 1.75290689346 -1.08841817531 2.98288484796
123 1107 0.225668637401 0 -2107866 2.07803819041 3.77939733164 0.873233595498 2.08431830375 1.69716336504 -0.903394210035 3.02779842595
124 1116 0.197383220835 0 -1768626 2.15156680823 3.89980343622 0.921057210542 2.21048179321 1.78925680561 -0.952570547373 3.07422947418
125 1125 0.18286005482 0 -2689119 2.16269846369 3.74110294469 1.05686178326 2.3496598283 1.86387155247 -1.00047219263 3.03799158491
126 1134 0.178605630156 0 -2123970 2.21955232588 3.81281172885 0.96909590239 2.18146567689 2.03022123459 -1.19998663626 3.25306608089
127 1143 0.163633296048 0 -2522292 2.1806205824 3.83744025998 1.03563878598 2.44203222426 1.92877183409 -1.22874300472 3.15470670275
128 1152 0.1597092794 0 -1951215 2.21602856622 3.65496910276 1.07466804671 2.13261757035 2.00735349343 -1.20083870108 3.27969690533
129 1161 0.155602003649 0 -1796736 2.18234081189 3.79592498561 1.03037532052 2.45096934805 2.03800179123 -1.30287575368 3.12536484856
130 1170 0.163967939945 0 -2371524 2.20293322608 3.75206071752 0.949057240278 2.24565996348 2.06449613169 -1.24214760767 3.21493905259
131 1179 0.168933999693 0 -2613084 2.26473213691 3.59238000553 0.996268715674 2.33714866155 2.19044835112 -1.38846054206 3.38100559896
132 1188 0.174098177347 0 -1901274 2.29911716998 3.66514527979 1.13028239591 2.66836109861 2.29354469314 -1.48747868777 3.31476271581
133 1197 0.162636728033 0 -2468889 2.21436013214 3.67885210342 0.988395764364 2.43934848553 1.99982018759 -1.24892401088 3.16086673193
134 1206 0.16185342503 0 -1975539 2.31324598945 3.50160639548 1.08039543283 2.75134637273 2.43600366647 -1.68095529386 3.37017880196
135 1215 0.166744201887 0 -1930194 2.2123663157 3.66808668284 1.03584820882 2.55794753977 2.22510105401 -1.61978079867 3.24337794618
136 1224 0.188186483482 0 -2107239 2.19287391926 3.61389740795 1.1178410094 2.47644457161 2.32696309167 -1.59630965176 3.32305469463
137 1233 0.18628257093 0 -2266692 2.22718494512 3.60678565878 1.16292166628 2.49928949836 2.25561789616 -1.50409586377 3.31623317647
138 1242 0.203903815139 0 -2076648 2.13968654988 3.64570320736 1.10727618884 2.36175098258 2.10092033927 -1.30910049962 3.27257563255
139 1251 0.218409909878 0 -1847133 2.08389674623 3.75640685575 1.06696555019 2.5212020028 2.11279040767 -1.36366123628 3.25509392393
140 1260 0.206558560836 0 -1923267 2.14413098576 3.70920955102 1.06246653668 2.54483839453 2.14022430673 -1.47941288879 3.21881798909
141 1269 0.201455584743 0 -2701782 2.13183797038 3.86420025315 1.10058438312 2.65360616781 2.06485783086 -1.24551495356 3.11238460791
142 1278 0.190448452283 0 -2100999 2.16669916972 3.73838336173 1.22715266459 2.67966490162 2.2728208413 -1.52206255827 3.31264388056
143 1287 0.175072776204 0 -2085246 2.21818305464 3.63335365196 1.16109545062 2.47429269856 2.28874048578 -1.43555277559 3.3502502147
144 1296 0.171559456911 0 -2101404 2.16088659209 3.81656947447 1.0867640871 2.43977270505 2.15927416259 -1.28214342288 3.23356079637
145 1305 0.155550547172 0 -2105559 2.08612148895 3.80364442434 0.99091360502 2.22130330874 2.02302660771 -1.04514034002 3.19400288566
146 1314 0.142782297765 0 -2094522 2.13619159755 3.85452418859 1.09794207392 2.51372791148 2.23085455646 -1.39525758666 3.21541822448
147 1323 0.118392020777 0 -2388177 2.18570168957 3.75122246908 1.13327428799 2.5422724393 2.23660135394 -1.44252010775 3.25817123361
148 1332 0.115971835586 0 -2039763 2.16361176468 3.83213293216 1.10038248663 2.5253981637 2.16741383388 -1.34626841504 3.15048337327
149 1341 0.126105585938 0 -1936086 2.16389400427 3.75891121565 1.09847495974 2.39612995274 2.16759886433 -1.25458359135 3.1903544987
150 1350 0.140893495435 0 -2055093 2.21066971253 3.75730191936 1.06039767335 2.51180918783 2.21267885892 -1.29670702088 3.13329466284
151 1359 0.144993379477 0 -2433483 2.15873475843 3.81213112594 1.04997902961 2.51687249059 2.12868314662 -1.1784351953 3.12446733691
152 1368 0.139023258056 0 -2481705 2.1649482552 3.91050230065 0.9829200811 2.34723272821 2.07509815252 -1.11079953982 3.05304634612
153 1377 0.137239669882 0 -1899624 2.17543962651 3.81752322229 1.00830208328 2.34223685944 2.1428020997 -1.28572833251 3.19481878367
154 1386 0.136545788532 0 -1645053 2.07687753843 3.90525420692 0.964314307136 2.35322238194 1.97581670713 -1.14066502396 3.00376471322
155 1395 0.124283493788 0 -1966284 2.13559145193 3.75089651298 1.05062879935 2.25355005871 2.13439061438 -1.14387432067 3.20932595058
156 1404 0.101843410639 0 -2032704 2.16218741668 3.74701679107 1.03747505301 2.35648092442 2.12360093317 -1.20191267613 3.14095797545
157 1413 0.101547560974 0 -2556003 2.1622577481 3.80263247365 1.05796121387 2.24116629238 2.14477486806 -1.22743663595 3.20049542729
158 1422 0.0939492101891 0 -2141046 2.16663900193 3.80538368428 1.06211725749 2.40839598341 2.19516335985 -1.33725834519 3.21229826778
159 1431 0.0882996451479 0 -1962324 2.15071757109 3.87655586761 1.0386530312 2.37707064062 2.1191981917 -1.22089770099 3.18076630735
160 1440 0.0914355152524 0 -2274768 2.09658777607 3.91609415941 1.05421916642 2.36941577991 1.9892000027 -1.10209224714 3.08965103211
161 1449 0.0900922718789 0 -2120040 2.14285293536 3.77730584547 1.08970852134 2.37630190972 2.19180157049 -1.34614255654 3.21764354991
162 1458 0.0903803859153 0 -2215275 2.14785830693 3.76815869944 1.0716438045 2.33143480573 2.21413248674 -1.35307823893 3.23219106913
163 1467 0.0868030886061 0 -2160678 2.10248158015 3.80020665879 1.01096820462 2.21267859241 2.10858538033 -1.23247346403 3.16432747093
164 1476 0.0820078833045 0 -1998360 2.08339215417 3.87004691333 1.03625045109 2.22505131783 2.13363278551 -1.28540947468 3.21024117053
165 1485 0.0850902071611 0 -1956885 2.09208915343 3.88502051396 1.05381826517 2.31425342548 2.13113304898 -1.24753952564 3.17035214684
166 1494 0.0810579580728 0 -1969620 2.09190551388 3.85953966239 1.0559098356 2.32136691444 2.12405847306 -1.26784904939 3.14273813017
167 1503 0.0855813281968 0 -2278758 2.05004612316 3.92770736404 1.04262758037 2.32474832527 2.09491943241 -1.17884788589 3.1246448851
168 1512 0.0927424824724 0 -2465067 2.08827898168 3.88597129662 1.07021991947 2.39632460564 2.11767155445 -1.2303464015 3.13604935684
169 1521 0.0919553355446 0 -2346495 2.08487117052 3.83759173981 1.10124421014 2.41731620782 2.14675665948 -1.26080818215 3.18481283416
170 1530 0.102760134665 0 -2183040 2.07598618962 3.78488420596 1.08225890539 2.30467322053 2.12588558902 -1.22593325906 3.2385631721
171 1539 0.094012810148 0 -2591268 2.11817344345 3.79157123717 1.08758395673 2.42058363441 2.17238284209 -1.27038198418 3.20682775387
172 1548 0.0974234396528 0 -2742984 2.07497351597 3.80934430296 1.11076796248 2.43912805632 2.22384952166 -1.35642808712 3.21441068905
173 1557 0.0905931704229 0 -2173584 2.08049911677 3.82412309024 1.07930664688 2.41349044239 2.18584553335 -1.34019842912 3.20757714573
174 1566 0.0909333492762 0 -2051151 2.052302097 3.8281249873 1.0813951477 2.28410704274 2.13896912352 -1.182368173 3.20628117596
175 1575 0.0818627879621 0 -2353734 2.07009676578 3.79327177582 1.10576566624 2.31367853833 2.12361110397 -1.22735368206 3.21943570535
176 1584 0.0812487812462 0 -1784550 2.08366873818 3.73834067305 1.11501880732 2.25861584388 2.15344288252 -1.24240568344 3.229878758
177 1593 0.0831836158997 0 -1923198 2.05520140766 3.79292071079 1.10410227168 2.31000066429 2.11731937432 -1.23989062216 3.167332512
178 1602 0.0929842813015 0 -2083749 2.07454638762 3.69156466935 1.13755111599 2.34627269826 2.15599177028 -1.28718161763 3.18982237101
179 1611 0.0873833681091 0 -1842687 2.08812602195 3.73469347259 1.13253056983 2.3223050247 2.1348826056 -1.2163940676 3.21518909021
180 1620 0.0768345746032 0 -2184969 2.06337823408 3.75969722259 1.11840151384 2.31662738301 2.1370363055 -1.2419638382 3.19936212404
181 1629 0.0811270218038 0 -1834056 2.10253729871 3.62818979552 1.11905521335 2.23256216089 2.15939612661 -1.30750675526 3.25080529242
182 1638 0.0786905726278 0 -2560776 2.12118880661 3.68822959269 1.11937189853 2.27536343934 2.12371506089 -1.24911406903 3.2138474786
183 1647 0.0793986941314 0 -2501220 2.14734207528 3.65325540252 1.11508198304 2.28915581126 2.16836978982 -1.27131414524 3.26828414578
184 1656 0.0763408896757 0 -2851239 2.09643937362 3.67465998043 1.1203058493 2.29282748415 2.13847269145 -1.28040070976 3.24815815502
185 1665 0.0749957004333 0 -1814952 2.10307525571 3.65297013617 1.13018133212 2.1963713491 2.11523903729 -1.19270625861 3.24547048611
186 1674 0.0779731834389 0 -2293680 2.11083757335 3.59944334129 1.14476223019 2.13980661005 2.10476672782 -1.20538049441 3.27089621751
187 1683 0.0813589529694 0 -2124324 2.0958078503 3.61203659397 1.15477124686 2.21441922804 2.09792027725 -1.2341385649 3.25434325389
188 1692 0.0814617712359 0 -2063994 2.09239433867 3.55458085747 1.14902467772 2.13064484286 2.08507464965 -1.20536535409 3.26205505772
189 1701 0.0770345119761 0 -1890729 2.10676519439 3.6075629914 1.13662899729 2.21218654233 2.09446640236 -1.20553016866 3.23498928433
190 1710 0.0730555352068 0 -1881864 2.05394261882 3.72564873027 1.1241657789 2.23471481052 2.0588340059 -1.15198998005 3.19149610729
191 1719 0.0653332209179 0 -2396673 2.10482220754 3.63569809123 1.12844520201 2.22973738986 2.10306255127 -1.22460489969 3.23498570664
192 1728 0.0613272886639 0 -2346813 2.07754906532 3.65002183866 1.12636211897 2.24289426428 2.09083477861 -1.24865847962 3.210495132
193 1737 0.0542113713461 0 -2289144 2.08070803542 3.65448421759 1.12278181157 2.23283544199 2.08899878403 -1.23778577772 3.22055851146
194 1746 0.0561633553669 0 -2492700 2.08039515466 3.65582000687 1.12790175888 2.29831916878 2.13504938454 -1.27952863172 3.23236649917
195 1755 0.0615697118821 0 -2331711 2.09164057024 3.6022395792 1.13162821733 2.23504860244 2.13154783478 -1.24865664682 3.25872017716
196 1764 0.063046551153 0 -1986768 2.08294545198 3.62884125752 1.12019729127 2.22321859911 2.10421492708 -1.23687716112 3.23709110258
197 1773 0.0561344433063 0 -2150781 2.0965932864 3.64002688909 1.1176688454 2.27384998434 2.14637296578 -1.25727706064 3.23133152597
198 1782 0.0550842341393 0 -3233115 2.06745538196 3.64606879163 1.12226644578 2.27775146511 2.12873568106 -1.26983752582 3.20986404346
199 1791 0.0504890163557 0 -2440146 2.06808498742 3.67189385115 1.12372886299 2.28479208432 2.11739686354 -1.25229294229 3.20951517064
200 1800 0.0509041319754 0 -2846817 2.0697284709 3.62544643649 1.12950902302 2.26471794305 2.14717862325 -1.28153334806 3.22231343598
201 1809 0.0596341056936 0 -2732304 2.06321233408 3.61306670409 1.13627953418 2.26991156244 2.15874082262 -1.28539717513 3.22474922985
202 1818 0.0608558843583 0 -2271960 2.07936163262 3.59593434831 1.1393849308 2.29071596317 2.19221508561 -1.34193177812 3.23389221636
203 1827 0.0619139632689 0 -2014095 2.05097513543 3.63006926037 1.12955487522 2.26164769428 2.16232367967 -1.30555666998 3.23191401627
204 1836 0.05829926581 0 -3141831 2.08649713659 3.60288054225 1.13759101678 2.29998371784 2.15675437157 -1.29385646805 3.24116258885
205 1845 0.0544468167999 0 -2034765 2.08180852071 3.53945813768 1.15086976535 2.24309620155 2.19512362404 -1.3293395858 3.26592934705
206 1854 0.0512821090006 0 -2224380 2.04809494678 3.62166920215 1.13304373551 2.28599952094 2.16385108043 -1.32148348412 3.21139596238
207 1863 0.0503636984021 0 -1890888 2.07524523544 3.6278558026 1.12207245996 2.23607895535 2.11349402477 -1.23020410828 3.21341329707
208 1872 0.0483300261934 0 -2243928 2.05491531188 3.64129420433 1.12264684472 2.26113866274 2.13541411313 -1.27766734071 3.2229985957
209 1881 0.0463404020321 0 -1801752 2.06661810924 3.62019808579 1.1311577928 2.26841246256 2.1283615851 -1.28001955874 3.21608979945
210 1890 0.0419380891903 0 -2185158 2.06306120608 3.61575279221 1.13260651327 2.23854272782 2.12724229813 -1.25342474183 3.22056221574
211 1899 0.0416406392278 0 -2209770 2.07962171264 3.62408045697 1.13177770941 2.26983482399 2.13251066271 -1.27571881929 3.22146570749
212 1908 0.0418662121648 0 -2074557 2.07106297405 3.6292334776 1.12119136607 2.28597180441 2.14581160218 -1.2889134389 3.20089577904
213 1917 0.0370107551978 0 -2241396 2.07520300442 3.60957400392 1.13748940873 2.2848134667 2.14877294709 -1.29638544174 3.22834938543
214 1926 0.0358820565328 0 -1823466 2.07229064293 3.63148174687 1.12498322532 2.28624262479 2.14961531496 -1.29056236479 3.21311177724
215 1935 0.0372351863764 0 -2575434 2.0881579046 3.60925824306 1.13709505881 2.30496444239 2.18105183877 -1.3264347985 3.23651981692
216 1944 0.0383519842238 0 -1896663 2.09032634938 3.59229657027 1.14404855274 2.3110185946 2.19392917684 -1.34389945463 3.24647314176
217 1953 0.0423211124464 0 -2228043 2.08787304693 3.61450727292 1.13818869614 2.29988541221 2.16633239238 -1.32711090425 3.2326831138
218 1962 0.0527543520623 0 -2264505 2.09576255459 3.5766576436 1.15424621211 2.27768441837 2.19934817644 -1.35969963717 3.26186891983
219 1971 0.0582252209493 0 -2492856 2.08146055817 3.61137525655 1.14077653141 2.27068606951 2.17749994842 -1.33530089135 3.25014262305
220 1980 0.0618825634509 0 -1804443 2.09104903716 3.61712584231 1.14635864606 2.30772404112 2.19409873899 -1.37128282036 3.24148723851
221 1989 0.0652097914972 0 -1725894 2.08790933756 3.62318504838 1.14438903322 2.33954592325 2.19232805009 -1.3777450623 3.22639410216
222 1998 0.0662084557921 0 -1843803 2.07980631518 3.61138154935 1.15628385219 2.3126181348 2.18197727862 -1.35544049597 3.22417241966
223 2007 0.0672284399964 0 -1938390 2.07093832367 3.6306641691 1.14871007978 2.32391969319 2.18481296721 -1.36201926613 3.21168736134
224 2016 0.0701018548438 0 -2325636 2.06327716836 3.66540942378 1.14988874642 2.33447098732 2.14798514805 -1.33741078449 3.20208269503
225 2025 0.0675261841219 0 -2000853 2.08054894289 3.65168421041 1.15658138999 2.33292183065 2.15703045715 -1.3547735738 3.22369289103
226 2034 0.0676672992348 0 -2212101 2.05833656809 3.66524911417 1.13560379018 2.29902802125 2.15264945026 -1.34294934899 3.19788685282
227 2043 0.0682309654501 0 -2536089 2.04768499325 3.70045682773 1.14478444899 2.31209611328 2.11279285251 -1.30275621216 3.19617031014
228 2052 0.0676649613424 0 -2105007 2.038608713 3.67510719071 1.13656211866 2.26094902082 2.09210940513 -1.25452786838 3.18664887155
229 2061 0.0721490417986 0 -2759751 2.04196774964 3.71916798799 1.12444128891 2.30483334428 2.12085777724 -1.28103077819 3.20370230385
230 2070 0.072147911969 0 -2287809 2.01812017299 3.690026068 1.11716166974 2.236667254 2.09280905329 -1.2543359627 3.19556351802
231 2079 0.0781297919996 0 -1894683 2.04697621779 3.66044387754 1.11486551484 2.24558457718 2.10780612253 -1.25626887595 3.21334068588
232 2088 0.0886109657528 0 -2019903 2.02560826525 3.65565148706 1.11831427767 2.2216650049 2.08558637549 -1.25546641106 3.21954797046
233 2097 0.103798656234 0 -2693394 2.03810704754 3.63315908027 1.1224190189 2.1424766378 2.05226965968 -1.22370834267 3.23964118689
234 2106 0.103187328354 0 -1784337 2.01175394062 3.63999790782 1.11960356349 2.22262872471 2.08884059555 -1.25056838426 3.23649241349
235 2115 0.109015688537 0 -1703247 1.98957316869 3.63563243571 1.08552897616 2.060916857 1.98384064814 -1.10635664901 3.22450930998
236 2124 0.120172863074 0 -1675674 1.98795266921 3.58100943551 1.10235711473 2.00405422081 2.00083371601 -1.14131774155 3.24026084302
237 2133 0.129218252934 0 -2394441 1.98964941408 3.60613440775 1.08672768126 1.9763468699 1.91399360025 -1.02039488695 3.23840957459
238 2142 0.151918339128 0 -2185110 1.98579331704 3.61341194236 1.05743876341 1.82245113525 1.84840075108 -0.96563054528 3.23149521702
239 2151 0.165490611635 0 -1848834 2.02902711793 3.43982933523 1.11702664332 1.85884574597 1.95018315748 -1.10054792595 3.30661912371
240 2160 0.172008980997 0 -1994805 2.00736915122 3.64768934611 1.08734034596 1.94061439395 1.82105791686 -0.966733316533 3.22303530222
241 2169 0.15279794895 0 -2047188 1.9860545164 3.51434804611 1.12029139966 1.90052954305 1.95992126011 -1.09533013861 3.29022690807
242 2178 0.127581293389 0 -2432526 2.01080061214 3.5607610123 1.1085416149 1.94877233466 1.98381419309 -1.1209168357 3.24712959903
243 2187 0.12739170872 0 -2202654 2.01181494933 3.61955463492 1.07948565503 1.99336010884 2.0083727156 -1.14106825055 3.22108214399
244 2196 0.129279800817 0 -2222316 1.99637267519 3.58081708589 1.06899425154 1.86151749024 1.83437571206 -0.950318283114 3.23343499128
245 2205 0.134290874949 0 -2859033 2.05630615811 3.59485887347 1.08227961724 2.00356528415 2.01625914514 -1.1588103898 3.26492519872
246 2214 0.122204750612 0 -2316180 2.04356119647 3.53788877552 1.09954211493 1.88561085075 1.99745153657 -1.14925630531 3.26252188772
247 2223 0.111596830115 0 -2088033 2.05514521811 3.56702793343 1.08202116142 1.94709785907 2.03979176065 -1.18688276227 3.26104227214
248 2232 0.103890437436 0 -2281200 2.00567853632 3.62898207465 1.06755572118 1.94687927375 1.95762771437 -1.08213530754 3.21093586986
249 2241 0.10775892538 0 -1802184 2.02759049311 3.6666717866 1.06130817725 2.00214828463 1.96341395811 -1.0902750712 3.21537930542
250 2250 0.106975955657 0 -2412375 2.0458873364 3.64492119548 1.08959706767 2.08171135988 2.03977424168 -1.19075009272 3.21793372314
251 2259 0.0992784984061 0 -2552145 2.03400863445 3.63751395967 1.07895455964 1.99351815314 2.00175547994 -1.13114939744 3.22531895541
252 2268 0.090926067258 0 -1989039 2.03774549415 3.59275265675 1.09554664859 1.94098748215 1.9721740512 -1.07861963554 3.24954913467
253 2277 0.089509539043 0 -1807287 2.05718302867 3.57648637704 1.11279778345 2.00779079435 2.03254982801 -1.17355539052 3.24078982001
254 2286 0.0910590755124 0 -2241783 2.02915371015 3.64745850866 1.08965322823 2.02369290145 1.98268924148 -1.09706035773 3.18976064146
255 2295 0.0909023076109 0 -2054961 2.04122039149 3.64326764617 1.09683529644 2.00149784231 1.97406121845 -1.1087319915 3.20357401694
256 2304 0.0856659490435 0 -2121525 2.03235962581 3.64930097813 1.09458117403 1.99736572731 1.94351131159 -1.0721438603 3.17550928289
257 2313 0.0827198889304 0 -2670528 2.03374255883 3.61661926557 1.11377096505 1.9740326598 1.96835051147 -1.11546909596 3.21233323318
258 2322 0.0801787908873 0 -2272260 2.04343050785 3.65761155786 1.09624428008 2.01082449504 1.97090221732 -1.12668921791 3.17878901067
259 2331 0.0742453781825 0 -2478060 2.05209648927 3.63140456554 1.11229493487 1.96989436895 1.96877397394 -1.12273879394 3.19737831686
260 2340 0.0693501550761 0 -2367633 2.02588817882 3.65653427884 1.10031969005 1.9791190316 1.95796344717 -1.08595391502 3.19519414641
261 2349 0.0723049909621 0 -2440308 2.02495144857 3.68250973626 1.08332227232 1.98938786018 1.96393353359 -1.09871670746 3.19394708771
262 2358 0.0703997170427 0 -2147388 2.01808527956 3.67646692807 1.08144181975 1.95061639823 1.94089336176 -1.072817599 3.19076117781
263 2367 0.0670588088312 0 -2214177 2.02926435947 3.67418477544 1.087480633 1.95393615984 1.94176755323 -1.0835818028 3.19243822999
264 2376 0.0670759505628 0 -2263194 2.01903319234 3.68294874658 1.0956089906 1.96833307836 1.93212670858 -1.06442090062 3.19765435609
265 2385 0.0662229727568 0 -2229252 2.02392413818 3.67656753696 1.10031406146 2.02291233437 2.0025767626 -1.14173375504 3.20392929493
266 2394 0.0681175018754 0 -2199636 2.01089319553 3.7022530943 1.0862341216 1.99420828497 1.93903554508 -1.05911560045 3.1712919867
267 2403 0.0710547472741 0 -2033310 2.00961829401 3.71074281661 1.09527520712 2.01197533907 1.93752864872 -1.05032100703 3.15970140077
268 2412 0.0776057184021 0 -2828454 2.03044306272 3.6761108151 1.10297861511 1.98588976534 1.92903782835 -1.04072058512 3.18682689785
269 2421 0.0938008310138 0 -2005893 1.994267179 3.67650047947 1.09859923905 1.97931895981 1.9164722935 -1.01159056392 3.15296818431
270 2430 0.11012656652 0 -1919088 1.99493510276 3.67074624087 1.10234939699 1.93707776406 1.88974727005 -0.989363482597 3.15237224165
271 2439 0.123118512587 0 -2477958 1.9843129543 3.62296201248 1.1056066015 1.86855983865 1.83365738553 -0.894302913756 3.19627600813
272 2448 0.126182418702 0 -2297295 1.99900595242 3.63893986706 1.10610996925 1.94076214629 1.89351769093 -0.972941167875 3.14928954579
273 2457 0.122053672536 0 -2121864 2.02199393948 3.62904192627 1.10654405126 1.95176600062 1.95057502313 -1.03236719306 3.18317089273
274 2466 0.122026151939 0 -2466642 1.99695471706 3.6514990089 1.11504127569 1.95032158006 1.93735888109 -1.02443491084 3.19699592613
275 2475 0.103345404796 0 -2050161 1.99633825124 3.69003745781 1.09946730162 2.01185792385 1.96152832455 -1.05390958472 3.18861173475
276 2484 0.104178519607 0 -2127300 2.01063908785 3.64761615402 1.12510240818 2.05094310877 2.00931556214 -1.10707797531 3.17087463601
277 2493 0.0950407116617 0 -2190756 1.99828825632 3.64198692412 1.10783095163 1.97951024723 1.94177377772 -1.01251966447 3.16413787737
278 2502 0.0867831629062 0 -2145777 2.00623557441 3.64483517333 1.10942221168 1.97347018662 1.95110155838 -1.03393045153 3.17545785608
279 2511 0.0763156370843 0 -1877115 2.016742955 3.63320110327 1.12054206005 2.01274018118 1.98532559226 -1.07820654649 3.18873200353
280 2520 0.070444867974 0 -1996479 2.01483982057 3.61469405399 1.12458275297 1.99671656816 1.96729965295 -1.06580352143 3.20415182781
281 2529 0.0677410593645 0 -1921617 2.04355186772 3.6117340207 1.1326512622 2.05073017868 2.01288859072 -1.12074673765 3.20858425746
282 2538 0.0620764345732 0 -2251032 2.03911059209 3.59668184458 1.13377214498 2.01505949886 2.00411813904 -1.10231617976 3.20810849686
283 2547 0.0572897634541 0 -1940706 2.02236120421 3.6379461648 1.12968664947 1.99949939579 1.97429125306 -1.06856059625 3.19133124311
284 2556 0.0573389178011 0 -2565897 2.03518451281 3.5926522805 1.13936660737 2.00328446718 1.98328014324 -1.07207588842 3.20150556597
285 2565 0.0539161472081 0 -1786431 2.04088968156 3.59436222606 1.14167374019 2.02394459872 1.99517044381 -1.09370210244 3.20825360721
286 2574 0.0486077616353 0 -1693524 2.03886085231 3.60400142089 1.13716529864 2.01618229476 1.98538695518 -1.07506362291 3.20382539377
287 2583 0.0517644027998 0 -2588469 2.05525929967 3.55515201778 1.15508273572 1.99791669141 2.00921570686 -1.10915176772 3.22646210046
288 2592 0.0545895840536 0 -2052459 2.0316660619 3.61462878048 1.12862898709 1.9845609552 1.96324130293 -1.03347034579 3.20132841871
289 2601 0.0558081447659 0 -2144577 2.04804571182 3.56949956272 1.14672635872 2.00240410199 1.98061750713 -1.06052955585 3.22158448254
290 2610 0.0568750378629 0 -2042652 2.05255228221 3.57317408192 1.14523224925 2.01151591205 2.00373099751 -1.08155469384 3.22873140602
291 2619 0.0586593286854 0 -1937532 2.04266730521 3.55718745304 1.1423883188 1.98865421676 1.98081618 -1.05891148817 3.23025205835
292 2628 0.0620836748176 0 -2681676 2.04583224646 3.56759384566 1.15025708537 2.01773030538 1.98057147826 -1.05790128358 3.21848918407
293 2637 0.0665741837104 0 -2169783 2.06287341434 3.54660912724 1.15696539685 2.04484227667 2.01683820034 -1.09067004586 3.22977400812
294 2646 0.0679928909515 0 -2616807 2.05475010883 3.55893648938 1.15021681712 2.01468492526 1.97167468246 -1.02851204697 3.22333835329
295 2655 0.0719086968135 0 -2425866 2.05411797643 3.53181006428 1.16259892274 1.99362990648 1.97419902261 -1.02652223555 3.23077791412
296 2664 0.0712838523637 0 -1925703 2.05517556896 3.55839997636 1.1480761114 2.02751125502 1.98635370719 -1.04518081061 3.21089368801
297 2673 0.0754729672789 0 -1879059 2.03365739125 3.57233544336 1.13241129245 1.98327746119 1.93949237929 -0.981153082136 3.19039491626
298 2682 0.0825510048674 0 -2226117 2.07109070509 3.48938269618 1.16883695405 1.99085584792 1.96823091922 -1.01461291419 3.22649845912
299 2691 0.0799253089676 0 -3616044 2.07091273471 3.51448148053 1.16444001858 1.99908783329 1.9968206398 -1.07161998549 3.24141473074
300 2700 0.0760624189815 0 -2658798 2.05007518421 3.55912110386 1.15192223684 2.01406943544 1.97045737383 -1.02667856632 3.2181102201
301 2709 0.0727163440098 0 -2347014 2.07624087114 3.48741279829 1.17273519272 2.01057368898 2.01455219452 -1.09096153419 3.26358667682
302 2718 0.0726801126697 0 -2970762 2.06436578607 3.52917796895 1.1602973157 2.04879100317 2.02738180725 -1.09177587242 3.23786667261
303 2727 0.0821804484932 0 -2756412 2.08685012683 3.49370924928 1.17951093221 2.07770239878 2.06286063449 -1.15710328023 3.27043620681
304 2736 0.0830144013265 0 -2317035 2.11121788075 3.44513404772 1.19786709964 2.0505168516 2.05151362306 -1.1324764198 3.29776988565
305 2745 0.0822756613344 0 -2346855 2.10252672996 3.48601256134 1.18286986278 2.07372959558 2.05951725975 -1.15140019505 3.28086673586
306 2754 0.0811162634871 0 -2322180 2.07757229065 3.54613853384 1.1623906656 2.08475295651 2.03810877252 -1.11855059549 3.24799864775
307 2763 0.0777870199443 0 -1947327 2.07638868228 3.54166791142 1.15138437464 2.01694053532 2.00351341473 -1.07316600719 3.24725355936
308 2772 0.0753704368236 0 -2285421 2.08492357907 3.51104106405 1.16311861776 2.06141129998 2.04677248132 -1.13843086395 3.27627157606
309 2781 0.0789845429446 0 -2046801 2.09511503941 3.47742383468 1.17394654313 2.0422194103 2.03282086132 -1.12125411526 3.3068158282
310 2790 0.0764955150848 0 -2223624 2.08415380932 3.53247896354 1.16902921169 2.05118414038 2.02249299429 -1.10589501004 3.27289786139
311 2799 0.0735644239697 0 -2191479 2.05218499398 3.57048436566 1.15080214282 2.03586205941 1.99144783889 -1.06154012328 3.22770674027
312 2808 0.0792477481058 0 -1916949 2.06178988995 3.58894464089 1.14834741859 2.11103466275 2.05019915066 -1.16046767403 3.24165325628
313 2817 0.0902439184563 0 -1983786 2.05133502418 3.61083262627 1.13824643466 2.10696497368 2.04491287183 -1.14798496638 3.23810656333
314 2826 0.0947708331077 0 -1870242 2.06873369703 3.58404152575 1.15487427229 2.11625846425 2.03879991218 -1.12879135354 3.23492045006
315 2835 0.0884507568176 0 -1910847 2.06660434085 3.57967792428 1.15713583933 2.09633918097 2.02824656972 -1.12603919289 3.23721713855
316 2844 0.0788458463125 0 -2264940 2.0291219974 3.65205427418 1.12231596071 2.08513473515 2.02033812309 -1.12854433027 3.21879821206
317 2853 0.0752078937008 0 -2563335 2.08612696743 3.53555507414 1.15925463573 2.06852383853 2.03817742691 -1.13959634913 3.26046080732
318 2862 0.0669002035356 0 -1847493 2.06936684109 3.55413237716 1.15362683397 2.07481303239 2.0305015044 -1.1185392742 3.25208615188
319 2871 0.0666524598394 0 -2335350 2.05594862687 3.56899222338 1.13773774152 2.00407769057 1.9896741162 -1.06028611495 3.23260293263
320 2880 0.0727399452766 0 -1993626 2.06151919508 3.55923684362 1.14059381925 2.05300639254 2.02774754853 -1.13103682797 3.23864544419
321 2889 0.0791562169547 0 -1842240 2.04903053283 3.58329280683 1.14134953654 2.10488066792 2.04874854654 -1.15778624781 3.24035905634
322 2898 0.0836602858174 0 -2227290 2.07259044941 3.51882037912 1.15232621681 2.06858936406 2.04400596534 -1.14795256649 3.26543015242
323 2907 0.0755938426568 0 -2708283 2.07330019438 3.52742253674 1.15321411144 2.04318471644 2.02240366514 -1.10693875366 3.25414780726
324 2916 0.0742019974368 0 -2470077 2.06580275068 3.5291426126 1.15209325874 2.06281799815 2.03758122254 -1.13636968667 3.25420329575
325 2925 0.0722972789221 0 -3013641 2.05299336834 3.56601660937 1.13857357126 2.07327214644 2.0371885914 -1.13379240527 3.23299999769
326 2934 0.0671647215522 0 -2059287 2.06222634319 3.52269880428 1.15053212472 2.03846271924 2.0030394723 -1.07778196386 3.24238144266
327 2943 0.0686658721039 0 -1985721 2.07714284018 3.52213003934 1.15919333302 2.10007166283 2.07635104723 -1.18452828313 3.26176393882
328 2952 0.0681463012539 0 -1897629 2.08429481744 3.47841716181 1.16478182741 2.03222050795 2.03214184547 -1.10667275663 3.26798587869
329 2961 0.0643004118283 0 -2444322 2.09716637908 3.46231629395 1.17659682127 2.06389711815 2.05005810673 -1.13311122139 3.28573314667
330 2970 0.0679046189802 0 -2283963 2.07300975967 3.53836055731 1.16366636157 2.1330512107 2.05759221906 -1.14804079115 3.25591711736
331 2979 0.0715151768189 0 -2111475 2.08338968176 3.51457751406 1.17170831371 2.12764154733 2.05829918457 -1.14387461792 3.25083660275
332 2988 0.0720363142265 0 -1838337 2.09471130407 3.47681372941 1.18359139224 2.10683230342 2.05494109191 -1.1356200243 3.27309533071
333 2997 0.0630192809175 0 -2366688 2.06834051148 3.52240687485 1.15845114455 2.06686347881 2.01067339413 -1.07306807911 3.24032071436
334 3006 0.0602322786401 0 -2251764 2.0698470096 3.52179074694 1.15724519941 2.06280555216 2.01653887276 -1.08410625325 3.23474662716
335 3015 0.0589253029007 0 -1927509 2.08825158031 3.45959582916 1.17168009764 2.04084606135 2.03274491314 -1.09875243655 3.27904212971
336 3024 0.0581470251697 0 -2096034 2.09543698801 3.45004696892 1.17640616804 2.03100470388 2.01856298965 -1.08020029919 3.27636686923
337 3033 0.0638965018446 0 -1970031 2.09500037057 3.43249121249 1.17928974472 2.02481567471 2.03298386949 -1.10351400086 3.28863475224
338 3042 0.0700726551906 0 -2781633 2.09645504757 3.42482998644 1.1805771605 2.02762954246 2.03962062853 -1.10646968169 3.28233593238
339 3051 0.0820250025885 0 -2219403 2.10854932015 3.38140543204 1.19381831531 2.02135785061 2.04411671333 -1.1184633326 3.31132795629
340 3060 0.0908774934437 0 -1998228 2.07112358265 3.46035019654 1.1649574708 2.00472029207 2.01890156102 -1.09075344358 3.27413710395
341 3069 0.103360852159 0 -2542254 2.08936416084 3.38023725355 1.18934708518 1.98905106776 2.03137433333 -1.10087545213 3.31508212992
342 3078 0.125693091218 0 -2334993 2.10379780563 3.31309862871 1.20718885933 1.96501461747 2.04786101072 -1.11112662953 3.34099504206
343 3087 0.124845626009 0 -2258334 2.09407003911 3.39179711295 1.1941925733 2.05282586536 2.06930333804 -1.14600531174 3.3115007441
344 3096 0.126374448746 0 -1993332 2.08860625995 3.42719176547 1.17844894078 2.08810222361 2.09676485131 -1.1977919004 3.31451566691
345 3105 0.12941260292 0 -2348265 2.10320066833 3.2755766916 1.19856144745 1.86285633533 2.02157687224 -1.08110114942 3.34289804128
346 3114 0.137894688536 0 -1853823 2.07510367663 3.39796440792 1.18196447591 2.01804795243 2.0606828251 -1.14117799933 3.27908343738
347 3123 0.137267479101 0 -2140440 2.08434162081 3.38753779051 1.17062745537 1.9407973238 2.04893554955 -1.13337482454 3.2942310527
348 3132 0.144602146299 0 -1684398 2.11926824816 3.28289681483 1.20296110814 1.88168366917 2.02347749118 -1.07234609087 3.32885566203
349 3141 0.14562007911 0 -1991322 2.09704009896 3.28730770174 1.19627378157 1.93320256287 2.08556582259 -1.16981564405 3.32999371215
350 3150 0.137147743888 0 -2181900 2.09340920877 3.34757805955 1.19382592185 1.97777373348 2.02901885094 -1.08437926318 3.28938197152
351 3159 0.118570193616 0 -2351847 2.07256562797 3.40267806397 1.15947000971 1.92696213957 1.99883208716 -1.06656274646 3.27167165155
352 3168 0.108732153562 0 -2343012 2.10414723419 3.30106236947 1.19647779911 1.94330850268 2.04667073536 -1.11715663117 3.33147057261
353 3177 0.10217951875 0 -1911444 2.07294362694 3.40581378268 1.16537869167 1.93718915486 2.01744322953 -1.0865088749 3.2617365971
354 3186 0.0975748831114 0 -2144703 2.09088376026 3.36128117551 1.18775589265 2.02804777077 2.09601110603 -1.2023429572 3.31851924853
355 3195 0.0942514431201 0 -2070264 2.08145095333 3.43595998869 1.16665788271 1.99069828692 2.01514714242 -1.08831695525 3.26798670985
356 3204 0.0952185665866 0 -1867071 2.09975765315 3.36759195212 1.19005854293 2.02021737838 2.07880011798 -1.16549524437 3.32531375517
357 3213 0.089184675589 0 -2292252 2.08181689303 3.4015618851 1.17785810813 2.047780587 2.08355770655 -1.18186439061 3.3111137893
358 3222 0.102947657677 0 -1669191 2.10687488725 3.36341734684 1.19405127534 2.01025689596 2.07505428491 -1.15117348192 3.33046209669
359 3231 0.102914241579 0 -2316552 2.09279301863 3.40658779717 1.18356896878 2.00324524774 2.05383525414 -1.12392581617 3.3177765872
360 3240 0.114564195697 0 -2004429 2.11123674032 3.35944207769 1.18850532393 1.96567461908 2.0478184409 -1.10211791193 3.33703215364
361 3249 0.123739678267 0 -2494671 2.09721062048 3.44088910702 1.18928171136 2.12025612117 2.10270579644 -1.18525702613 3.31847763906
362 3258 0.114167481502 0 -2221629 2.08296284254 3.47279641667 1.17241261673 2.06298981181 2.05328347252 -1.13271233776 3.28127918214
363 3267 0.108048591859 0 -2261631 2.09214688774 3.40748883841 1.18558626549 2.02486661237 2.04958957368 -1.10732147151 3.29811872165
364 3276 0.104163875171 0 -2104227 2.08521580971 3.45058735346 1.18330815425 2.0961747454 2.08008734903 -1.15581324324 3.27640859875
365 3285 0.103143280373 0 -2745015 2.07969551738 3.47405891005 1.18136052476 2.10881922932 2.08079117078 -1.16024619344 3.26469887956
366 3294 0.0892233398206 0 -1975311 2.10322412612 3.4371436431 1.18919506422 2.08771348858 2.07515401861 -1.14116272023 3.30580978137
367 3303 0.0897765322381 0 -2218023 2.09378025946 3.47681714095 1.17996926739 2.10645341521 2.07150777329 -1.15230176904 3.27285446665
368 3312 0.0922081880734 0 -2465181 2.06628817253 3.61127114333 1.15086195325 2.1786727725 2.07009443859 -1.16765284295 3.2201195071
369 3321 0.0927186803811 0 -2519967 2.09314101278 3.43865918988 1.17953305291 2.04893803432 2.06912920515 -1.15488839826 3.29122416021
370 3330 0.0973085868021 0 -2752731 2.07230114562 3.51833728261 1.1540103354 2.09396402708 2.07174171385 -1.18325536179 3.28403832054
371 3339 0.0896442541011 0 -2034138 2.07538653403 3.50354073183 1.15965388377 2.06570323448 2.06261371651 -1.15436995296 3.26343652897
372 3348 0.0853354179825 0 -2078796 2.08080935077 3.48772431956 1.16175640505 2.03442362715 2.04048939653 -1.11846424194 3.26544451921
373 3357 0.0928984357085 0 -2261994 2.07786490493 3.55909758586 1.15251167729 2.14335871835 2.06708766127 -1.16774591054 3.25665284081
374 3366 0.100829666625 0 -2050245 2.07324176353 3.54917344464 1.15248692822 2.12483631839 2.04970702624 -1.14617320132 3.27277070429
375 3375 0.0969815785371 0 -2212257 2.10394157706 3.48507417308 1.17788392967 2.11433470504 2.07169200589 -1.16068181854 3.30408142632
376 3384 0.106841860427 0 -2357334 2.09394809591 3.57615610747 1.16242582436 2.19347558853 2.06799211672 -1.16980520853 3.2731777003
377 3393 0.123555913407 0 -1808571 2.10775064712 3.50325118445 1.1796085895 2.11140357978 2.03666277705 -1.10071691348 3.28112912083
