%  columns="iteration, evaluation, min max(neg(.)) min(pos(.)) max correlation, correlation matrix principle axes lengths  (sorted square roots of eigenvalues of correlation matrix)", seed=888861, Sun Nov 23 12:08:58 2014
0 0 0.0 0 0 0.0 1 1 1 1 1 1 1
1 9 -0.0225772810605 -0.000805647998866 0.0018346668547 0.0191713568569 1 1 1 1 1 1 1
2 18 -0.0409466400381 -0.00359805754518 0.00242633658191 0.0598543770781 1 1 1 1 1 1 1
3 27 -0.067849819676 -0.00280244739423 0.0145706829573 0.116786930717 1 1 1 1 1 1 1
4 36 -0.0799747222688 -0.00429118266403 0.00744572191776 0.127852994766 0.901706722373 0.928597438991 0.955034384285 0.974245847342 1.01823485631 1.08497452835 1.11777197456
5 45 -0.173390492956 -0.0118539071166 0.0136277479914 0.181551227962 0.901706722373 0.928597438991 0.955034384285 0.974245847342 1.01823485631 1.08497452835 1.11777197456
6 54 -0.236761419333 -0.00107841776199 0.00239305662365 0.183025172641 0.858054921136 0.886378225806 0.93837571526 0.966090848786 1.02790196903 1.11588974966 1.16721998385
7 63 -0.242365181417 -0.0032624468915 0.00611041010663 0.168403342489 0.858054921136 0.886378225806 0.93837571526 0.966090848786 1.02790196903 1.11588974966 1.16721998385
8 72 -0.206665675794 -0.00175387271288 0.00869532768496 0.182594568045 0.829653694791 0.89451573579 0.918823001725 1.00422549071 1.05102062098 1.12160684271 1.13849266362
9 81 -0.230303264149 -0.0151147764851 0.0041411971081 0.155611652522 0.829653694791 0.89451573579 0.918823001725 1.00422549071 1.05102062098 1.12160684271 1.13849266362
10 90 -0.216095094907 -0.0168446795124 0.00852265576931 0.14683602836 0.81938944541 0.90656473973 0.933193746298 1.02290801931 1.04969052955 1.0749158072 1.15423382594
11 99 -0.215699740897 -0.0418040979882 0.0109666844737 0.149546677693 0.81938944541 0.90656473973 0.933193746298 1.02290801931 1.04969052955 1.0749158072 1.15423382594
12 108 -0.234915005349 -0.0120341151152 0.00477300350493 0.188229020154 0.807886619962 0.882893899885 0.931040075905 1.00317052918 1.04218485362 1.13778483517 1.14626665179
13 117 -0.236497236671 -0.0074480139148 0.00561330216372 0.17925420826 0.807886619962 0.882893899885 0.931040075905 1.00317052918 1.04218485362 1.13778483517 1.14626665179
14 126 -0.243969916471 -0.0101806385207 0.0125356245313 0.20726067448 0.831132486346 0.882881940013 0.946840039794 0.987697503564 1.00564131363 1.13233628334 1.16798370724
15 135 -0.217385047069 -0.00725163041681 0.00699456352088 0.165291056634 0.831132486346 0.882881940013 0.946840039794 0.987697503564 1.00564131363 1.13233628334 1.16798370724
16 144 -0.228117659041 -0.00351310088655 0.00138569835432 0.169528954612 0.864387566123 0.868020861247 0.954171553376 0.986738804358 1.0055298403 1.09759846354 1.18298962454
17 153 -0.225995209752 -0.00175066806698 0.00601925596225 0.161952773041 0.864387566123 0.868020861247 0.954171553376 0.986738804358 1.0055298403 1.09759846354 1.18298962454
18 162 -0.198030088985 -0.0157683138024 0.0016111624329 0.174638399122 0.851498243394 0.870280657193 0.88363645854 0.953714858186 1.07645992753 1.11618219697 1.19270626107
19 171 -0.28514777508 -0.0249053080629 0.0254377189191 0.168643612741 0.851498243394 0.870280657193 0.88363645854 0.953714858186 1.07645992753 1.11618219697 1.19270626107
20 180 -0.279778864899 -0.0128740316054 0.0426400573634 0.162532522763 0.798967712676 0.849487123737 0.901112044936 0.927924621672 1.09170115117 1.13567179365 1.21877535802
21 189 -0.265751293192 -0.00244668403255 0.0124284118258 0.187590652337 0.798967712676 0.849487123737 0.901112044936 0.927924621672 1.09170115117 1.13567179365 1.21877535802
22 198 -0.287655422463 -0.00109935666774 0.0552173643132 0.182741664704 0.796562371126 0.823022735489 0.899470130223 0.940132387296 1.06562087857 1.14903341347 1.240725958
23 207 -0.304145027232 -0.00612344667957 0.0418758046653 0.219472802396 0.796562371126 0.823022735489 0.899470130223 0.940132387296 1.06562087857 1.14903341347 1.240725958
24 216 -0.285522460862 -0.0267444053125 0.000562783424137 0.248137072778 0.764077750556 0.793194886721 0.886558399631 0.925435976168 1.07050598742 1.16517654884 1.28101134334
25 225 -0.282963894409 -0.00504664149984 0.0261570368686 0.271608546019 0.764077750556 0.793194886721 0.886558399631 0.925435976168 1.07050598742 1.16517654884 1.28101134334
26 234 -0.33079702952 -0.0271221208427 0.0057543269221 0.353376870207 0.704098005345 0.769102499462 0.869125766209 0.922894794909 1.07061933771 1.11196613853 1.38669336362
27 243 -0.336036793072 -0.00381647030003 0.00199523518641 0.355105673213 0.704098005345 0.769102499462 0.869125766209 0.922894794909 1.07061933771 1.11196613853 1.38669336362
28 252 -0.351214677783 -0.00944465251778 0.0219316844415 0.386206556256 0.672320510654 0.720877128322 0.855236235363 0.913495190484 1.09318092916 1.17565121139 1.37303259276
29 261 -0.357926140761 -0.0278524000484 0.0274547698459 0.386872368934 0.672320510654 0.720877128322 0.855236235363 0.913495190484 1.09318092916 1.17565121139 1.37303259276
30 270 -0.388764660279 -0.0116782487811 0.017932486131 0.392374761509 0.674586006915 0.709105090485 0.837148160533 0.936714827941 1.07204770172 1.21560315009 1.35531350066
31 279 -0.421651393671 -0.0178693168167 0.0390590355672 0.405443844983 0.674586006915 0.709105090485 0.837148160533 0.936714827941 1.07204770172 1.21560315009 1.35531350066
32 288 -0.421357219201 -3.22395789977e-05 0.0064140981949 0.426136354163 0.659343095561 0.721187138844 0.826018872806 0.928995988965 1.08724070129 1.1874305958 1.38120646717
33 297 -0.382611367529 -0.026214182372 0.00856220487365 0.404962984659 0.659343095561 0.721187138844 0.826018872806 0.928995988965 1.08724070129 1.1874305958 1.38120646717
34 306 -0.445406874869 -0.00510261945388 0.0130282690133 0.359779744232 0.612908747667 0.717993984324 0.773841345773 0.92028110595 1.0551380758 1.29625473151 1.36729187636
35 315 -0.385845950354 -0.0862833987999 0.00902158180907 0.357340295816 0.612908747667 0.717993984324 0.773841345773 0.92028110595 1.0551380758 1.29625473151 1.36729187636
36 324 -0.406931818374 -0.0321388480779 0.0266709927512 0.37618079975 0.594506636074 0.701902127411 0.84483661387 0.898133089577 1.05487133044 1.31954844114 1.33399464023
37 333 -0.394609466038 -0.0516043333265 0.0391190654576 0.367240640577 0.594506636074 0.701902127411 0.84483661387 0.898133089577 1.05487133044 1.31954844114 1.33399464023
38 342 -0.40142417129 -0.0338134266178 0.0533823645149 0.361564237065 0.597803050572 0.699873114773 0.81343093229 0.880488173799 1.0608094093 1.32809264078 1.35156692945
39 351 -0.417189895209 -0.0494343627704 0.108466816864 0.464331383431 0.597803050572 0.699873114773 0.81343093229 0.880488173799 1.0608094093 1.32809264078 1.35156692945
40 360 -0.406320641359 -0.0519749821265 0.103818335739 0.449097993355 0.550959813694 0.652126889701 0.765684559745 0.85754781654 1.08061495118 1.3137263933 1.43384343343
41 369 -0.394040343102 -0.012613611337 0.0548925914138 0.43760750612 0.550959813694 0.652126889701 0.765684559745 0.85754781654 1.08061495118 1.3137263933 1.43384343343
42 378 -0.410518930984 -0.0391557173399 0.0347716269361 0.421551500059 0.544717894486 0.64395263255 0.791356422725 0.844179650717 1.12873469937 1.27669922296 1.43028676304
43 387 -0.413502589989 -0.00888675201411 0.0541329720631 0.428568272263 0.544717894486 0.64395263255 0.791356422725 0.844179650717 1.12873469937 1.27669922296 1.43028676304
44 396 -0.402590773125 -0.0045524386915 0.0453744039775 0.394082779441 0.539104086612 0.642137394148 0.80530806471 0.840672095756 1.11270472839 1.30119846115 1.41793739329
45 405 -0.401529325868 -0.00164034187625 0.0976667306918 0.423144653388 0.539104086612 0.642137394148 0.80530806471 0.840672095756 1.11270472839 1.30119846115 1.41793739329
46 414 -0.407172828092 -0.0222425054725 0.00921757195043 0.432847975986 0.541550463532 0.62544178961 0.788592606509 0.810007415315 1.14718293479 1.25318460994 1.46664753737
47 423 -0.408227696331 -0.0199399673706 0.00788069133443 0.419197673506 0.541550463532 0.62544178961 0.788592606509 0.810007415315 1.14718293479 1.25318460994 1.46664753737
48 432 -0.387606862764 -0.0039368611224 0.0129534384141 0.410359437793 0.538257833691 0.608059160704 0.780034819354 0.797644925777 1.15009307407 1.2558081284 1.48191858081
49 441 -0.367134630251 -0.012479077813 0.0299800863892 0.407402435522 0.538257833691 0.608059160704 0.780034819354 0.797644925777 1.15009307407 1.2558081284 1.48191858081
50 450 -0.368502383477 -0.0212756879224 0.0569742170007 0.431482467255 0.565047728541 0.599503848312 0.788309854382 0.808345249999 1.15180198677 1.27257711539 1.44926236385
51 459 -0.399350926685 -0.0276467742967 0.0248198317442 0.41490094232 0.565047728541 0.599503848312 0.788309854382 0.808345249999 1.15180198677 1.27257711539 1.44926236385
52 468 -0.414963200371 -0.0455092108829 0.0384076029386 0.438929040679 0.56206461537 0.603525718336 0.757753127972 0.873172136598 1.11403716685 1.28938182603 1.44209444557
53 477 -0.449789811928 -0.0580677198933 0.0726193971655 0.42516976867 0.56206461537 0.603525718336 0.757753127972 0.873172136598 1.11403716685 1.28938182603 1.44209444557
54 486 -0.478732095974 -0.0310022054517 0.0182821903092 0.436116640051 0.542878007086 0.563997657159 0.762272461852 0.8961972615 1.12011852071 1.29726677911 1.43714810577
55 495 -0.489561446101 -0.0224967647578 0.0417894862383 0.437657599618 0.542878007086 0.563997657159 0.762272461852 0.8961972615 1.12011852071 1.29726677911 1.43714810577
56 504 -0.483385215055 -0.0345166375996 0.000302403260904 0.445396850822 0.536392619218 0.558587474357 0.74062745134 0.847912122877 1.11043892304 1.3072136906 1.48016781719
57 513 -0.52473663619 -0.0224962034922 0.00328075280284 0.499192337935 0.536392619218 0.558587474357 0.74062745134 0.847912122877 1.11043892304 1.3072136906 1.48016781719
58 522 -0.539355056727 -0.00839325791525 0.182861768155 0.466701067087 0.536075068325 0.542723194999 0.748460636455 0.787303257796 1.11276520535 1.35255221339 1.47322483636
59 531 -0.537361210779 -0.0132359672587 0.0192624049782 0.55281793938 0.536075068325 0.542723194999 0.748460636455 0.787303257796 1.11276520535 1.35255221339 1.47322483636
60 540 -0.50177576589 -0.00167332358903 0.0126024154941 0.576086773271 0.491286303138 0.543911935301 0.696191114669 0.772265565356 1.10174293173 1.31177774872 1.56432830753
61 549 -0.589618850389 -0.0228573088617 0.0128521665968 0.551586582595 0.491286303138 0.543911935301 0.696191114669 0.772265565356 1.10174293173 1.31177774872 1.56432830753
62 558 -0.606744525573 -0.00436583020114 0.0183071479899 0.534527276205 0.479621588398 0.551571188645 0.679129384911 0.737655834297 1.09181508393 1.35900847241 1.55608974642
63 567 -0.628191420146 -0.0281676962015 0.095142855897 0.519968664478 0.479621588398 0.551571188645 0.679129384911 0.737655834297 1.09181508393 1.35900847241 1.55608974642
64 576 -0.580710649422 -0.0381080881552 0.0139164051542 0.533954529603 0.4957469202 0.57112036538 0.66037211413 0.757179203227 1.07695181604 1.368912977 1.54431113827
65 585 -0.612007292237 -0.0046742167635 0.00221342005866 0.556879448403 0.4957469202 0.57112036538 0.66037211413 0.757179203227 1.07695181604 1.368912977 1.54431113827
66 594 -0.620608429404 -0.00753379226683 0.0194808756041 0.540982001088 0.494436254654 0.580640171749 0.67524309267 0.763560155495 1.02909642987 1.36820036413 1.56473663516
67 603 -0.617644245331 -0.0141122031585 0.00548186483095 0.549648396882 0.494436254654 0.580640171749 0.67524309267 0.763560155495 1.02909642987 1.36820036413 1.56473663516
68 612 -0.545488689218 -0.00976553964649 0.0275144572896 0.579892576783 0.539632554411 0.564061581291 0.678918706853 0.753299651551 1.02556983891 1.32514059704 1.5982644233
69 621 -0.58662258115 -0.07295722314 0.00758924424787 0.568154942887 0.539632554411 0.564061581291 0.678918706853 0.753299651551 1.02556983891 1.32514059704 1.5982644233
70 630 -0.601853605005 -0.0287646234259 0.0182880512468 0.546494967204 0.514517659793 0.579900744729 0.660271821519 0.752041513772 0.966024358354 1.37571062867 1.60364540736
71 639 -0.663115706275 -0.0277739093059 0.135126124081 0.475066129171 0.514517659793 0.579900744729 0.660271821519 0.752041513772 0.966024358354 1.37571062867 1.60364540736
72 648 -0.670812757492 -0.0710902474344 0.14142586941 0.508980630713 0.465561564549 0.576437689875 0.617568366481 0.765736920289 0.925060652699 1.47271223854 1.5679954567
73 657 -0.672355024393 -0.0233631627838 0.111238094766 0.50722764419 0.465561564549 0.576437689875 0.617568366481 0.765736920289 0.925060652699 1.47271223854 1.5679954567
74 666 -0.666948238837 -0.0305230934536 0.104302278719 0.52297954003 0.460786912033 0.567123957183 0.633769227259 0.743157304272 0.904747527663 1.42714347103 1.62996719319
75 675 -0.683451414858 -0.0307375404573 0.0976167836494 0.535248850281 0.460786912033 0.567123957183 0.633769227259 0.743157304272 0.904747527663 1.42714347103 1.62996719319
76 684 -0.683903364601 -0.0292690182516 0.0831812234066 0.502422155067 0.435463103005 0.569862473858 0.608332579799 0.762963776257 0.919262744096 1.42320118577 1.63183969415
77 693 -0.694581409528 -0.0595667403883 0.0836436705676 0.517839361891 0.435463103005 0.569862473858 0.608332579799 0.762963776257 0.919262744096 1.42320118577 1.63183969415
78 702 -0.683746037804 -0.0792902551281 0.0509581857033 0.487812938538 0.437475773994 0.561335811477 0.628196399819 0.78017140481 0.959711281388 1.43027057123 1.5885525694
79 711 -0.671370297271 -0.0508457857797 0.035791228513 0.499268272645 0.437475773994 0.561335811477 0.628196399819 0.78017140481 0.959711281388 1.43027057123 1.5885525694
80 720 -0.677394141454 -0.073264026987 0.0256205936496 0.527254986438 0.457173809159 0.554073847142 0.657211111428 0.735080831813 0.964256878999 1.43155617577 1.59140805351
81 729 -0.645413230098 -0.00120588219766 0.0226789414202 0.553753227214 0.457173809159 0.554073847142 0.657211111428 0.735080831813 0.964256878999 1.43155617577 1.59140805351
82 738 -0.645837597045 -0.0625538967855 0.0173101214994 0.613809472973 0.452350664739 0.521360917988 0.603202242622 0.677036136608 0.938425347273 1.39007795342 1.6995210927
83 747 -0.629947124266 -0.00909450087474 0.0244290975748 0.623622618127 0.452350664739 0.521360917988 0.603202242622 0.677036136608 0.938425347273 1.39007795342 1.6995210927
84 756 -0.646478220615 -0.0196616564684 0.0113122556414 0.610410358165 0.473745549705 0.528665140371 0.640360587253 0.666477045161 0.931892645342 1.35899289811 1.71071312338
85 765 -0.644503846794 -0.0221523395917 0.0243915058062 0.59783148013 0.473745549705 0.528665140371 0.640360587253 0.666477045161 0.931892645342 1.35899289811 1.71071312338
86 774 -0.605809185203 -0.0237971471879 0.0214005024839 0.598520221369 0.487772183753 0.554602832553 0.617089698474 0.677619342819 0.92133510041 1.35617698269 1.71068756631
87 783 -0.589420259756 -0.0212062756129 0.0340855243028 0.611790833934 0.487772183753 0.554602832553 0.617089698474 0.677619342819 0.92133510041 1.35617698269 1.71068756631
88 792 -0.557092447969 -0.0098370496259 0.00914127635697 0.600167004362 0.485420865489 0.569305462453 0.594868082098 0.66538119995 0.901136598038 1.33618710436 1.74534081235
89 801 -0.559847158388 -0.00790739832791 0.0079377186177 0.596418060802 0.485420865489 0.569305462453 0.594868082098 0.66538119995 0.901136598038 1.33618710436 1.74534081235
90 810 -0.575825418023 -0.0292153935484 0.0119117256347 0.623708649905 0.494641059666 0.563204132872 0.623287824429 0.655309099305 0.892739192337 1.32691451528 1.75000805789
91 819 -0.610495886854 -0.037287583746 0.113728348363 0.658674510281 0.494641059666 0.563204132872 0.623287824429 0.655309099305 0.892739192337 1.32691451528 1.75000805789
92 828 -0.614971558727 -0.0216127580378 0.0954732271252 0.651100577189 0.493195582171 0.545135550069 0.595676964309 0.63134452036 0.843694693723 1.32378593084 1.80053560745
93 837 -0.567639227324 -0.022130922049 0.0361058617573 0.689075346012 0.493195582171 0.545135550069 0.595676964309 0.63134452036 0.843694693723 1.32378593084 1.80053560745
94 846 -0.573330407987 -0.0224008404824 0.0320658602175 0.694982036631 0.461377966762 0.539952134948 0.585749877828 0.626947036023 0.83263501512 1.3098105385 1.8304458045
95 855 -0.564537537186 -0.0219203095917 0.034214201658 0.697544859679 0.461377966762 0.539952134948 0.585749877828 0.626947036023 0.83263501512 1.3098105385 1.8304458045
96 864 -0.564200723695 -0.0207170233528 0.0109556626058 0.691363403642 0.465039228386 0.536074602256 0.570487661527 0.629207177469 0.82037762886 1.3136667049 1.83746157164
97 873 -0.556277216574 -0.0100445768666 0.0146337259094 0.673579755088 0.465039228386 0.536074602256 0.570487661527 0.629207177469 0.82037762886 1.3136667049 1.83746157164
98 882 -0.567692157717 -0.020043748473 0.0311609776593 0.696877726733 0.424663601416 0.523031108816 0.560567030815 0.647661455028 0.84046815226 1.31506549317 1.83755668272
99 891 -0.574303286989 -0.0109584069082 0.0184262033673 0.712818110582 0.424663601416 0.523031108816 0.560567030815 0.647661455028 0.84046815226 1.31506549317 1.83755668272
100 900 -0.588766143952 -0.0165214195412 0.0946570508554 0.684760716016 0.427380969376 0.520199056304 0.593151394467 0.631548042118 0.852757392853 1.29891244236 1.83893671413
101 909 -0.571998766662 -0.0507827776681 0.07941722753 0.676627542635 0.427380969376 0.520199056304 0.593151394467 0.631548042118 0.852757392853 1.29891244236 1.83893671413
102 918 -0.565131961878 -0.0827072639476 0.074376580378 0.670544025602 0.425909345311 0.535161465441 0.596069173896 0.615129944817 0.905411548365 1.32498314598 1.79531883445
103 927 -0.56775318248 -0.151786336746 0.0048778109553 0.706248189468 0.425909345311 0.535161465441 0.596069173896 0.615129944817 0.905411548365 1.32498314598 1.79531883445
104 936 -0.543224927208 -0.142782083616 0.0178904400797 0.720421070924 0.413340668702 0.505511875549 0.594378328764 0.640845747015 0.878237173812 1.31017466065 1.82257515379
105 945 -0.515523752383 -0.00443748495756 0.0917158854237 0.745744880222 0.413340668702 0.505511875549 0.594378328764 0.640845747015 0.878237173812 1.31017466065 1.82257515379
106 954 -0.535355139282 -0.130936152706 0.0301391431154 0.729611789122 0.414243376002 0.494076193902 0.619403573445 0.665495969119 0.874298273639 1.31377203834 1.80758154127
107 963 -0.532518091745 -0.0934631120414 0.0671653585989 0.725976591221 0.414243376002 0.494076193902 0.619403573445 0.665495969119 0.874298273639 1.31377203834 1.80758154127
108 972 -0.568691649208 -0.0531677045841 0.066533347992 0.713030333426 0.437639517211 0.491051814755 0.62681588474 0.653952608836 0.886162073225 1.25634601716 1.83932027265
109 981 -0.568518080595 -0.029684711168 0.0620299087317 0.715010093503 0.437639517211 0.491051814755 0.62681588474 0.653952608836 0.886162073225 1.25634601716 1.83932027265
110 990 -0.642555630155 -0.0700416651937 0.207921928093 0.670776369903 0.400263823958 0.484002311777 0.598215053091 0.652502782347 0.845163292798 1.29136202462 1.85472171298
111 999 -0.616924435577 -0.0195936730412 0.191873534639 0.695924693451 0.400263823958 0.484002311777 0.598215053091 0.652502782347 0.845163292798 1.29136202462 1.85472171298
112 1008 -0.628293889055 -0.0710553813621 0.00899622075594 0.703721765723 0.419623317846 0.465732600654 0.604969147493 0.628494582014 0.864871093191 1.2777138648 1.86157502632
113 1017 -0.639756291981 -0.000571105138298 0.234642666782 0.700482972185 0.419623317846 0.465732600654 0.604969147493 0.628494582014 0.864871093191 1.2777138648 1.86157502632
114 1026 -0.664714566545 -0.035428146117 0.0294066344805 0.730336375209 0.401356376284 0.440485277895 0.580437610805 0.628527779837 0.824340861792 1.26465443534 1.9063163672
115 1035 -0.692278289773 -0.00664946611571 0.115312766801 0.730467921927 0.401356376284 0.440485277895 0.580437610805 0.628527779837 0.824340861792 1.26465443534 1.9063163672
116 1044 -0.7559449107 -0.00389562256528 0.0982366810017 0.797337884026 0.34485500092 0.36657265451 0.503093841691 0.588956463029 0.73861407394 1.14439713521 2.07160103184
117 1053 -0.755678472079 -0.00851015266178 0.0887613866468 0.806478552863 0.34485500092 0.36657265451 0.503093841691 0.588956463029 0.73861407394 1.14439713521 2.07160103184
118 1062 -0.752780552502 -0.0357529900183 0.088756314793 0.773686471874 0.334384700886 0.373775633947 0.512145333351 0.58441546086 0.774061983407 1.13848008412 2.06139164591
119 1071 -0.736049607581 -0.484435537014 0.0023450496091 0.76455112659 0.334384700886 0.373775633947 0.512145333351 0.58441546086 0.774061983407 1.13848008412 2.06139164591
120 1080 -0.738558046596 -0.00479357364649 0.00687131070945 0.754373044063 0.329101489876 0.361949704984 0.55344200823 0.599807586225 0.791844532597 1.17176802476 2.02350175582
121 1089 -0.733643272239 -0.0438855815105 0.0179831508039 0.743023137639 0.329101489876 0.361949704984 0.55344200823 0.599807586225 0.791844532597 1.17176802476 2.02350175582
122 1098 -0.726055282605 -0.0398670020577 0.0185679206069 0.758570709467 0.339902849944 0.375039530927 0.577509236005 0.626379329536 0.77665245804 1.18656682053 2.00170266537
123 1107 -0.729224793567 -0.0526642954606 0.0582893837142 0.754091080827 0.339902849944 0.375039530927 0.577509236005 0.626379329536 0.77665245804 1.18656682053 2.00170266537
124 1116 -0.737517253519 -0.0366485576332 0.0375049304601 0.756795192527 0.35010880918 0.367215952919 0.591981780694 0.626191252126 0.763105880653 1.19067865954 1.99999302433
125 1125 -0.738015708776 -0.0443589503668 0.00182978083294 0.770530519946 0.35010880918 0.367215952919 0.591981780694 0.626191252126 0.763105880653 1.19067865954 1.99999302433
126 1134 -0.74388010767 -0.0670183635817 0.000602450807504 0.789063353452 0.3369623777 0.350592630292 0.5736313586 0.637605231567 0.780710722329 1.16826463714 2.01335448999
127 1143 -0.738210682249 -0.0407798684023 0.00348687694829 0.787804926769 0.3369623777 0.350592630292 0.5736313586 0.637605231567 0.780710722329 1.16826463714 2.01335448999
128 1152 -0.750923158441 -0.0892814143655 0.0809511828727 0.787914477257 0.341916100237 0.349631615433 0.568703272159 0.604754502875 0.742754013203 1.195072928 2.02282398296
129 1161 -0.776772659546 -0.0851177080685 0.0397774448392 0.786785994677 0.341916100237 0.349631615433 0.568703272159 0.604754502875 0.742754013203 1.195072928 2.02282398296
130 1170 -0.810312394139 -0.10098933063 0.0549118775933 0.804964166526 0.308492176922 0.344877543979 0.531160372976 0.588073155544 0.68950641381 1.16325872386 2.08070678497
131 1179 -0.834259666716 -0.0234746974361 0.331232372747 0.810451711783 0.308492176922 0.344877543979 0.531160372976 0.588073155544 0.68950641381 1.16325872386 2.08070678497
132 1188 -0.83695080308 -0.0189936467353 0.00208908138568 0.811680108943 0.292967686378 0.359174047737 0.539391141837 0.545973876094 0.667868670236 1.12163225666 2.11944006309
133 1197 -0.847555357908 -0.0106397367489 0.00968010089482 0.822114566682 0.292967686378 0.359174047737 0.539391141837 0.545973876094 0.667868670236 1.12163225666 2.11944006309
134 1206 -0.863286918105 -0.0520718727367 0.0516258233064 0.825676634454 0.267213892139 0.336121592274 0.512492084587 0.56243472677 0.644790706797 1.09285305068 2.15094286452
135 1215 -0.843639996161 -0.064402419362 0.0629395213408 0.826935245474 0.267213892139 0.336121592274 0.512492084587 0.56243472677 0.644790706797 1.09285305068 2.15094286452
136 1224 -0.841046868312 -0.0567421566436 0.0748858455967 0.835851882461 0.278406751654 0.33729600524 0.534537525133 0.593081751772 0.678272083152 1.08083749983 2.13142722972
137 1233 -0.835377127214 -0.0380756616602 0.0661292138364 0.830441878469 0.278406751654 0.33729600524 0.534537525133 0.593081751772 0.678272083152 1.08083749983 2.13142722972
138 1242 -0.825362996025 -0.522251255606 0.00834152935311 0.825411797326 0.281223697074 0.358461287559 0.533784471499 0.679808110775 0.705086611354 1.12108947883 2.07156101986
139 1251 -0.83206135036 -0.529143923026 0.0098618848309 0.825948449817 0.281223697074 0.358461287559 0.533784471499 0.679808110775 0.705086611354 1.12108947883 2.07156101986
140 1260 -0.832055086167 -0.510350991609 0.0160560862484 0.820637614787 0.273572021028 0.377651256458 0.541694936659 0.678043308371 0.742070475627 1.12419786598 2.0530154195
141 1269 -0.831536973944 -0.48707401719 0.00842875086438 0.811425391438 0.273572021028 0.377651256458 0.541694936659 0.678043308371 0.742070475627 1.12419786598 2.0530154195
142 1278 -0.83406682144 -0.0136685189864 0.0432628397465 0.813310930187 0.291574758994 0.377483765021 0.533612702089 0.697525881498 0.761146472952 1.1002685012 2.05213804795
143 1287 -0.831968182333 -0.00374937226725 0.0288717207474 0.819924830833 0.291574758994 0.377483765021 0.533612702089 0.697525881498 0.761146472952 1.1002685012 2.05213804795
144 1296 -0.818878774419 -0.362087623003 0.000739987754488 0.80879912318 0.290052461536 0.379233264825 0.550022093265 0.713666986381 0.820822950875 1.11720421871 2.00955498728
145 1305 -0.835091666006 -0.0459079050284 0.055119354504 0.804234959189 0.290052461536 0.379233264825 0.550022093265 0.713666986381 0.820822950875 1.11720421871 2.00955498728
146 1314 -0.831084981126 -0.0123183562289 0.0532148357396 0.800444745308 0.288604190409 0.367854787136 0.536470548715 0.652394285562 0.803348134759 1.12046050937 2.04136511793
147 1323 -0.838607696119 -0.0272298292311 0.0668326424768 0.809786398028 0.288604190409 0.367854787136 0.536470548715 0.652394285562 0.803348134759 1.12046050937 2.04136511793
148 1332 -0.832787511736 -0.0453302780558 0.089389162382 0.809184499907 0.279997586282 0.376147488473 0.525373080189 0.62905274098 0.767372208751 1.11353227468 2.06871360047
149 1341 -0.829891454265 -0.00139635099826 0.107061406856 0.796510622305 0.279997586282 0.376147488473 0.525373080189 0.62905274098 0.767372208751 1.11353227468 2.06871360047
150 1350 -0.827252352734 -5.0987781322e-05 0.0535077157775 0.759129124357 0.30050499396 0.384523056363 0.543832224433 0.691434862905 0.786124990723 1.12280179216 2.02714744018
151 1359 -0.831293908686 -0.0165085853272 0.0637973435415 0.764213242601 0.30050499396 0.384523056363 0.543832224433 0.691434862905 0.786124990723 1.12280179216 2.02714744018
152 1368 -0.833204514268 -0.447653893247 0.0367240667405 0.770455125301 0.294104870464 0.398133320049 0.49935025749 0.675222814199 0.748147885083 1.12864784931 2.05332521303
153 1377 -0.834409570544 -0.0132509125303 0.0467918938696 0.767496742983 0.294104870464 0.398133320049 0.49935025749 0.675222814199 0.748147885083 1.12864784931 2.05332521303
154 1386 -0.838020991251 -0.0544707025791 0.139794404979 0.758805754411 0.28297675379 0.373260784987 0.510848681376 0.686580520233 0.717728733321 1.17917613679 2.03535020598
155 1395 -0.829341306694 -0.0939706194474 0.176961709559 0.754624257878 0.28297675379 0.373260784987 0.510848681376 0.686580520233 0.717728733321 1.17917613679 2.03535020598
156 1404 -0.829332187045 -0.0954190680375 0.164134608587 0.737435026887 0.276107165939 0.37903281504 0.523481908353 0.690776539457 0.733108768762 1.1968678523 2.01468416867
157 1413 -0.820270284436 -0.164277641215 0.182274840777 0.750027455814 0.276107165939 0.37903281504 0.523481908353 0.690776539457 0.733108768762 1.1968678523 2.01468416867
158 1422 -0.824529077924 -0.116141579471 0.158951338786 0.76491562493 0.273684099474 0.359097385388 0.554909037705 0.688631297955 0.706954944452 1.18810050407 2.0254976859
159 1431 -0.828197127693 -0.138097426159 0.166944222606 0.747296012542 0.273684099474 0.359097385388 0.554909037705 0.688631297955 0.706954944452 1.18810050407 2.0254976859
160 1440 -0.832908591167 -0.196095377931 0.111951558239 0.77563785036 0.257019081211 0.347985698114 0.531528808916 0.670310526535 0.75370568756 1.20235573187 2.01674899273
161 1449 -0.845867013954 -0.189385515135 0.118796913307 0.792578145824 0.257019081211 0.347985698114 0.531528808916 0.670310526535 0.75370568756 1.20235573187 2.01674899273
162 1458 -0.861686362449 -0.172246870041 0.12925781341 0.805543005915 0.241734190185 0.335548151943 0.517218439362 0.702470479644 0.722195463602 1.15883608231 2.05024997913
163 1467 -0.869124760813 -0.13054247939 0.178350930872 0.806415692707 0.241734190185 0.335548151943 0.517218439362 0.702470479644 0.722195463602 1.15883608231 2.05024997913
164 1476 -0.867005368608 -0.155334940024 0.133280773997 0.808561279691 0.24494272158 0.333121731177 0.492196516002 0.719515694698 0.755750787307 1.13992374604 2.04902106646
165 1485 -0.863169868203 -0.159657023622 0.154708576131 0.808997502235 0.24494272158 0.333121731177 0.492196516002 0.719515694698 0.755750787307 1.13992374604 2.04902106646
166 1494 -0.865388787576 -0.168902692051 0.162924424339 0.791202572143 0.264492477198 0.32693885306 0.496180243664 0.732284030821 0.774212055922 1.15463840844 2.02685120769
167 1503 -0.858008515243 -0.193124018325 0.154875427454 0.78661595499 0.264492477198 0.32693885306 0.496180243664 0.732284030821 0.774212055922 1.15463840844 2.02685120769
168 1512 -0.855544865413 -0.222914149877 0.0786969814865 0.784936852256 0.293998136667 0.351139690622 0.472558298078 0.712430435033 0.776284912318 1.18450300897 2.01338816429
169 1521 -0.85539267352 -0.186359244047 0.0897572372124 0.790230773956 0.293998136667 0.351139690622 0.472558298078 0.712430435033 0.776284912318 1.18450300897 2.01338816429
170 1530 -0.848575833929 -0.289482373512 0.0453618803083 0.759040678661 0.294405761625 0.361802494749 0.450554922394 0.708737947716 0.816007445914 1.19523118582 1.99566260834
171 1539 -0.84711976572 -0.309078376565 0.0694695872577 0.742071009213 0.294405761625 0.361802494749 0.450554922394 0.708737947716 0.816007445914 1.19523118582 1.99566260834
172 1548 -0.860402026317 -0.308299411245 0.072933759341 0.735231017522 0.287304041897 0.362785911575 0.452670882836 0.717806024555 0.872939095229 1.19865215233 1.96644265275
173 1557 -0.858045586231 -0.298847548057 0.0813982856755 0.729302723964 0.287304041897 0.362785911575 0.452670882836 0.717806024555 0.872939095229 1.19865215233 1.96644265275
174 1566 -0.858963181042 -0.246212653374 0.137548237415 0.714167000754 0.293857685367 0.363474589274 0.462569902796 0.721209010119 0.876854864818 1.19636551933 1.96144223026
175 1575 -0.851775069905 -0.266964089844 0.141615751707 0.686484941832 0.293857685367 0.363474589274 0.462569902796 0.721209010119 0.876854864818 1.19636551933 1.96144223026
176 1584 -0.8638550558 -0.267989365891 0.119517382899 0.685052938465 0.302355982466 0.365823711534 0.476117051186 0.755244792539 0.866496615636 1.20809954085 1.94096647147
177 1593 -0.864819755838 -0.241202748296 0.13400145057 0.710859438483 0.302355982466 0.365823711534 0.476117051186 0.755244792539 0.866496615636 1.20809954085 1.94096647147
178 1602 -0.8683779359 -0.231987837127 0.0959273595944 0.696436693407 0.292175622533 0.358974623045 0.521736280731 0.796197810088 0.840639700037 1.16997045902 1.9504166083
179 1611 -0.866820991079 -0.254835838244 0.115680245171 0.69151705154 0.292175622533 0.358974623045 0.521736280731 0.796197810088 0.840639700037 1.16997045902 1.9504166083
180 1620 -0.87260989682 -0.243627342126 0.127279155664 0.697206583368 0.286758742035 0.347726400584 0.518079727733 0.764661525582 0.852026746133 1.18343202348 1.95378632171
181 1629 -0.858071579637 -0.250059771476 0.0734023504575 0.697002005262 0.286758742035 0.347726400584 0.518079727733 0.764661525582 0.852026746133 1.18343202348 1.95378632171
182 1638 -0.863639103791 -0.258066234479 0.046679588175 0.680730056715 0.296024175022 0.34082586507 0.550668567112 0.755871843251 0.859269945413 1.20928386581 1.92896785771
183 1647 -0.861257458484 -0.237581945889 0.059818467593 0.673260598183 0.296024175022 0.34082586507 0.550668567112 0.755871843251 0.859269945413 1.20928386581 1.92896785771
184 1656 -0.846467443097 -0.277331449878 0.0565829258627 0.645519698214 0.299329696798 0.365861965449 0.57158143644 0.758899638671 0.876652374333 1.2292203251 1.89589313036
185 1665 -0.840245924375 -0.255509486074 0.0891530913911 0.650215239414 0.299329696798 0.365861965449 0.57158143644 0.758899638671 0.876652374333 1.2292203251 1.89589313036
186 1674 -0.843085878541 -0.287204230503 0.0724618947384 0.613769341382 0.295842980747 0.357192970655 0.551032494107 0.737835669756 0.916266095178 1.26770875783 1.86821379277
187 1683 -0.83326244426 -0.292020529589 0.0651292267964 0.586891162502 0.295842980747 0.357192970655 0.551032494107 0.737835669756 0.916266095178 1.26770875783 1.86821379277
188 1692 -0.838320022623 -0.292677590378 0.0541354180283 0.586781134006 0.289899660701 0.353723315287 0.54552140439 0.737023105105 0.893906306018 1.30613689004 1.85606553854
189 1701 -0.828099681833 -0.264240566553 0.0594283441691 0.57793753093 0.289899660701 0.353723315287 0.54552140439 0.737023105105 0.893906306018 1.30613689004 1.85606553854
190 1710 -0.840576054825 -0.272111236279 0.0596629276236 0.61142380036 0.283185533264 0.381054077636 0.51745551647 0.699971986565 0.854225879117 1.25566037854 1.92626527544
191 1719 -0.850247535563 -0.263533985876 0.0544409937559 0.616230462881 0.283185533264 0.381054077636 0.51745551647 0.699971986565 0.854225879117 1.25566037854 1.92626527544
192 1728 -0.842917445159 -0.280633766735 0.0539690857085 0.581724408293 0.284549883939 0.373681184725 0.544969662103 0.726150721981 0.835595879429 1.26892205707 1.90963956585
193 1737 -0.828704049804 -0.319417031728 0.0432676118264 0.565141067776 0.284549883939 0.373681184725 0.544969662103 0.726150721981 0.835595879429 1.26892205707 1.90963956585
194 1746 -0.838114331843 -0.304915864532 0.0214006778811 0.554787229191 0.295993843211 0.379707673924 0.560236064976 0.78297104477 0.81974377744 1.29895392752 1.86602262988
195 1755 -0.834578262766 -0.30730943018 0.00770729774775 0.581266654283 0.295993843211 0.379707673924 0.560236064976 0.78297104477 0.81974377744 1.29895392752 1.86602262988
196 1764 -0.844535056876 -0.273270275751 0.01298676613 0.588741629343 0.300994947807 0.367350073189 0.54646672368 0.778408440849 0.857061050923 1.27613731677 1.8726532749
197 1773 -0.840168049742 -0.00564164971317 0.0987202742521 0.572236869564 0.300994947807 0.367350073189 0.54646672368 0.778408440849 0.857061050923 1.27613731677 1.8726532749
198 1782 -0.824181485663 -0.0304432536236 0.00849119454951 0.534191193604 0.312661051288 0.355672560011 0.556221702383 0.78596395734 0.875151845455 1.32047926882 1.82731002313
199 1791 -0.818920881994 -0.00302922970757 0.041950075895 0.52299116627 0.312661051288 0.355672560011 0.556221702383 0.78596395734 0.875151845455 1.32047926882 1.82731002313
200 1800 -0.819245165934 -0.0092111095082 0.000744979923609 0.535944899997 0.337716244709 0.366144127483 0.549848349323 0.782119780867 0.888050446826 1.34897820006 1.79707147235
201 1809 -0.83979699385 -0.0220689367807 0.149556241209 0.544212360811 0.337716244709 0.366144127483 0.549848349323 0.782119780867 0.888050446826 1.34897820006 1.79707147235
202 1818 -0.861740231951 -0.00348267034594 0.0166460719016 0.556501803283 0.328341042364 0.350788658597 0.542049720305 0.779706980565 0.935581980671 1.33139200451 1.79428545384
203 1827 -0.868006647403 -0.0243389232868 0.0096730186387 0.612691982925 0.328341042364 0.350788658597 0.542049720305 0.779706980565 0.935581980671 1.33139200451 1.79428545384
204 1836 -0.870372566289 -0.025655141532 0.0609080091686 0.627103860236 0.321056824423 0.360584210962 0.515390317448 0.749585963054 0.950329249893 1.26742659628 1.85199875454
205 1845 -0.880538624369 -0.031337981751 0.0675082890054 0.646144673469 0.321056824423 0.360584210962 0.515390317448 0.749585963054 0.950329249893 1.26742659628 1.85199875454
206 1854 -0.877467273622 -0.00997175662593 0.220968380261 0.655964871296 0.306160544892 0.342380618136 0.470231483917 0.73508313957 0.927606830722 1.26256751679 1.89025003523
207 1863 -0.899194891407 -0.00472483369676 0.182815300242 0.673017956065 0.306160544892 0.342380618136 0.470231483917 0.73508313957 0.927606830722 1.26256751679 1.89025003523
208 1872 -0.90019943035 -0.0304887983817 0.00902598405617 0.673093757358 0.277028753554 0.323407593175 0.448472808674 0.689189246934 0.904944847415 1.26490360185 1.92967526318
209 1881 -0.897967543559 -0.00804398846627 0.212568528471 0.664476348628 0.277028753554 0.323407593175 0.448472808674 0.689189246934 0.904944847415 1.26490360185 1.92967526318
210 1890 -0.884182628919 -0.0294992262025 0.241860465597 0.654756342166 0.291150291394 0.323171810412 0.477911373165 0.707183798146 0.890950706955 1.28245924059 1.90887097988
211 1899 -0.87892356982 -0.00958363616648 0.0378567565492 0.660522551359 0.291150291394 0.323171810412 0.477911373165 0.707183798146 0.890950706955 1.28245924059 1.90887097988
212 1908 -0.880326362515 -0.132759838982 0.0639341600412 0.679720487339 0.304216859904 0.323434764749 0.463687357322 0.706734920465 0.925648253641 1.26695817578 1.90429885609
213 1917 -0.882887634421 -0.121570135959 0.0312199198129 0.704606048528 0.304216859904 0.323434764749 0.463687357322 0.706734920465 0.925648253641 1.26695817578 1.90429885609
214 1926 -0.893830387992 -0.0957884362781 0.0752498633756 0.709042488194 0.287302208414 0.305757478578 0.434978800565 0.680593834395 0.92257505529 1.24962094118 1.93877746317
215 1935 -0.903295267245 -0.0207260866526 0.167060057707 0.72915001982 0.287302208414 0.305757478578 0.434978800565 0.680593834395 0.92257505529 1.24962094118 1.93877746317
216 1944 -0.920442706663 -0.145708053735 0.0352841104653 0.755888015034 0.256703776919 0.291935462089 0.423321287286 0.631443278929 0.84456823805 1.20448089993 2.02654523342
217 1953 -0.926583875918 -0.130530200132 0.0458729885393 0.772312316451 0.256703776919 0.291935462089 0.423321287286 0.631443278929 0.84456823805 1.20448089993 2.02654523342
218 1962 -0.92945639104 -0.125487561879 0.0562572426636 0.783032024497 0.247401937853 0.332866753714 0.405963511643 0.606737978474 0.79575681022 1.17321454533 2.07011917235
219 1971 -0.931283905772 -0.141638281224 0.0524890272119 0.790106477157 0.247401937853 0.332866753714 0.405963511643 0.606737978474 0.79575681022 1.17321454533 2.07011917235
220 1980 -0.93190261369 -0.152483918777 0.0779869979849 0.775093944738 0.249602727427 0.333702251953 0.412059783694 0.582920779884 0.805399221422 1.19728838666 2.05781048638
221 1989 -0.932032698448 -0.191843026376 0.083659898663 0.752640705952 0.249602727427 0.333702251953 0.412059783694 0.582920779884 0.805399221422 1.19728838666 2.05781048638
222 1998 -0.931778252752 -0.200959636829 0.108402933334 0.70969712108 0.245040543913 0.331994118177 0.404050238929 0.634334257921 0.768106343521 1.22852859639 2.04079117596
223 2007 -0.934273813142 -0.186064498147 0.155052257363 0.68716438047 0.245040543913 0.331994118177 0.404050238929 0.634334257921 0.768106343521 1.22852859639 2.04079117596
224 2016 -0.927138266343 -0.199415869494 0.183473650563 0.656773577038 0.249474552348 0.327935251851 0.393513158193 0.665470224066 0.74759461288 1.19189925254 2.06227936035
225 2025 -0.922299692365 -0.212989965138 0.193596409443 0.653019966416 0.249474552348 0.327935251851 0.393513158193 0.665470224066 0.74759461288 1.19189925254 2.06227936035
226 2034 -0.924264371037 -0.19447674884 0.154410852641 0.657652154462 0.255387156872 0.307869685815 0.402820139306 0.656582170274 0.728225137659 1.19214455195 2.07246446576
227 2043 -0.932084613995 -0.186843669856 0.124003706139 0.658533331916 0.255387156872 0.307869685815 0.402820139306 0.656582170274 0.728225137659 1.19214455195 2.07246446576
228 2052 -0.939438009165 -0.121468495377 0.0715557448567 0.662481384109 0.217382861673 0.286176397988 0.402477163712 0.650397174652 0.678290579094 1.16862087168 2.11189264812
229 2061 -0.940110387844 -0.0898584049715 0.0647153633989 0.67742401979 0.217382861673 0.286176397988 0.402477163712 0.650397174652 0.678290579094 1.16862087168 2.11189264812
230 2070 -0.944503295591 -0.0662699362636 0.0485236162821 0.684086619619 0.209521297469 0.291820587822 0.427420394816 0.634108589804 0.687808470641 1.13092927209 2.12933749371
231 2079 -0.944835567307 -0.0810653727077 0.0549997462447 0.660455321725 0.209521297469 0.291820587822 0.427420394816 0.634108589804 0.687808470641 1.13092927209 2.12933749371
232 2088 -0.949808533999 -0.0802830112243 0.0836620479467 0.68587944229 0.201394944439 0.291308933327 0.414105359682 0.60698011998 0.656201317801 1.19613789015 2.11502365117
233 2097 -0.951675422827 -0.178590079022 0.160501477325 0.68018261473 0.201394944439 0.291308933327 0.414105359682 0.60698011998 0.656201317801 1.19613789015 2.11502365117
234 2106 -0.954474134486 -0.185355968493 0.165761942125 0.682825428025 0.198594399826 0.281273575175 0.405893166031 0.596457838024 0.652582555761 1.2775798164 2.07433363906
235 2115 -0.956927306058 -0.169515038369 0.231507452411 0.70044605755 0.198594399826 0.281273575175 0.405893166031 0.596457838024 0.652582555761 1.2775798164 2.07433363906
236 2124 -0.960811675232 -0.220939929186 0.297455557455 0.705859594903 0.184695199501 0.2513886148 0.417225541827 0.57082709711 0.61543889756 1.38378825172 2.02710033246
237 2133 -0.963671542759 -0.268052180251 0.218457300238 0.702952839508 0.184695199501 0.2513886148 0.417225541827 0.57082709711 0.61543889756 1.38378825172 2.02710033246
238 2142 -0.965496207631 -0.215867303478 0.208922332523 0.752361953032 0.171659768493 0.261511265643 0.433086058692 0.551846953231 0.636726812297 1.40046709967 2.0108001037
239 2151 -0.964546426834 -0.183346262847 0.166165717602 0.753900478063 0.171659768493 0.261511265643 0.433086058692 0.551846953231 0.636726812297 1.40046709967 2.0108001037
240 2160 -0.962808141959 -0.206039208316 0.193311112101 0.724097653236 0.18126197646 0.263411566732 0.403767541399 0.53339816724 0.655702170587 1.44766298057 1.98104597834
241 2169 -0.96490461133 -0.209021611889 0.198507655269 0.732771854501 0.18126197646 0.263411566732 0.403767541399 0.53339816724 0.655702170587 1.44766298057 1.98104597834
242 2178 -0.964801358403 -0.227427994651 0.22643078134 0.737053079054 0.177595903289 0.264606713033 0.404818051959 0.520776585026 0.640450895076 1.43419352507 1.99906694723
243 2187 -0.966120234104 -0.219774277265 0.222417567007 0.741829872052 0.177595903289 0.264606713033 0.404818051959 0.520776585026 0.640450895076 1.43419352507 1.99906694723
244 2196 -0.966318755676 -0.215579917312 0.20830623039 0.73916376878 0.177478068207 0.264835262085 0.387444583956 0.55345891753 0.625963835979 1.43994398121 1.99415755327
245 2205 -0.965842293838 -0.196670280925 0.207529917555 0.735758230994 0.177478068207 0.264835262085 0.387444583956 0.55345891753 0.625963835979 1.43994398121 1.99415755327
246 2214 -0.965788993514 -0.191095852059 0.218511292822 0.723682576967 0.181206244128 0.28254149879 0.391502560546 0.579990052123 0.622325792305 1.41404282701 2.00271450154
247 2223 -0.965780783296 -0.199796755197 0.211295952811 0.708556512883 0.181206244128 0.28254149879 0.391502560546 0.579990052123 0.622325792305 1.41404282701 2.00271450154
248 2232 -0.965537375527 -0.204844323237 0.209907419421 0.705433955643 0.181592492683 0.28786199939 0.392345311211 0.574546377403 0.6531993503 1.42190131286 1.98787537792
249 2241 -0.966274677344 -0.230519578326 0.232974293636 0.676212642217 0.181592492683 0.28786199939 0.392345311211 0.574546377403 0.6531993503 1.42190131286 1.98787537792
250 2250 -0.964949681532 -0.2001060634 0.204839959739 0.679555901367 0.182667974388 0.266758036816 0.387738683107 0.572318017156 0.670374397785 1.46269498135 1.95670767365
251 2259 -0.965103147573 -0.137963302037 0.151228894865 0.701043211993 0.182667974388 0.266758036816 0.387738683107 0.572318017156 0.670374397785 1.46269498135 1.95670767365
252 2268 -0.964536950811 -0.0928112873561 0.0963967795317 0.697649558026 0.182580632732 0.251868818301 0.396317656367 0.564373643308 0.6674055029 1.51031448824 1.92384021119
253 2277 -0.966444086092 -0.140030283459 0.140031474502 0.698974964491 0.182580632732 0.251868818301 0.396317656367 0.564373643308 0.6674055029 1.51031448824 1.92384021119
254 2286 -0.965488959581 -0.144878483122 0.150044665076 0.688544044956 0.175793907155 0.255244332859 0.399741216403 0.589548061578 0.666971272619 1.48697103106 1.93407687283
255 2295 -0.968067873645 -0.148215539297 0.151357676693 0.707857069805 0.175793907155 0.255244332859 0.399741216403 0.589548061578 0.666971272619 1.48697103106 1.93407687283
256 2304 -0.96822977978 -0.147620780092 0.151936356858 0.712142228647 0.1689814355 0.25990005966 0.42185215417 0.575273130473 0.677684504185 1.47347220271 1.94026343558
257 2313 -0.963931727389 -0.119670962112 0.128222395304 0.705601479484 0.1689814355 0.25990005966 0.42185215417 0.575273130473 0.677684504185 1.47347220271 1.94026343558
258 2322 -0.959548227615 -0.129489658761 0.130968304448 0.690087551992 0.183156731988 0.2784402767 0.452866484418 0.591466554769 0.6929116003 1.48829110137 1.90758145238
259 2331 -0.959847152534 -0.140866661416 0.127637246205 0.68524486389 0.183156731988 0.2784402767 0.452866484418 0.591466554769 0.6929116003 1.48829110137 1.90758145238
260 2340 -0.961246375196 -0.148947317111 0.14811752302 0.686730532372 0.180970140095 0.286706700172 0.466615079929 0.602496800333 0.687740274182 1.47508333442 1.91192560551
261 2349 -0.958091085508 -0.167496347409 0.180803761998 0.693052275678 0.180970140095 0.286706700172 0.466615079929 0.602496800333 0.687740274182 1.47508333442 1.91192560551
262 2358 -0.959310860537 -0.179851144256 0.191238087946 0.701560301653 0.18101088535 0.303841202269 0.450014901606 0.620944894739 0.667427438539 1.44645681651 1.93626777628
263 2367 -0.960113170201 -0.218497767014 0.234122251199 0.701632480884 0.18101088535 0.303841202269 0.450014901606 0.620944894739 0.667427438539 1.44645681651 1.93626777628
264 2376 -0.961681627275 -0.224289933832 0.234770649244 0.71511126896 0.171735389118 0.291702419607 0.478038234116 0.609014066555 0.654269547431 1.43023250223 1.95252767377
265 2385 -0.965764966167 -0.169220336795 0.18163382959 0.73981577888 0.171735389118 0.291702419607 0.478038234116 0.609014066555 0.654269547431 1.43023250223 1.95252767377
266 2394 -0.969010019025 -0.188279302451 0.253635583256 0.719826329709 0.151018203876 0.27716360253 0.463068628841 0.618691992366 0.657034529888 1.40849146687 1.97170457153
267 2403 -0.966382808912 -0.187416883053 0.275942629393 0.688492960346 0.151018203876 0.27716360253 0.463068628841 0.618691992366 0.657034529888 1.40849146687 1.97170457153
268 2412 -0.965048382262 -0.15875854793 0.26566003197 0.698450175344 0.167289735492 0.279134052952 0.4815971208 0.624066092558 0.737424021141 1.38392638777 1.95285883169
269 2421 -0.963578480553 -0.148812768652 0.279153858462 0.692735058397 0.167289735492 0.279134052952 0.4815971208 0.624066092558 0.737424021141 1.38392638777 1.95285883169
270 2430 -0.964072020286 -0.120044708403 0.205125267309 0.712394046079 0.167693061199 0.287417167196 0.488513292183 0.633557494951 0.791835086408 1.38757124797 1.92272548767
271 2439 -0.965985730829 -0.124002001042 0.114942898594 0.731841100723 0.167693061199 0.287417167196 0.488513292183 0.633557494951 0.791835086408 1.38757124797 1.92272548767
272 2448 -0.965566639032 -0.1113898604 0.0969901611014 0.735487661446 0.160381162771 0.308692112243 0.498803962145 0.633644953063 0.806113098785 1.43014530795 1.87977174503
273 2457 -0.966115288367 -0.135258478751 0.127333117221 0.718030956567 0.160381162771 0.308692112243 0.498803962145 0.633644953063 0.806113098785 1.43014530795 1.87977174503
274 2466 -0.968337392554 -0.118499199031 0.164544829028 0.698697419867 0.161275492981 0.305699240522 0.459376497542 0.596505775724 0.75794279585 1.40510269724 1.94033538626
275 2475 -0.968303272696 -0.107199044629 0.11749767309 0.682887028764 0.161275492981 0.305699240522 0.459376497542 0.596505775724 0.75794279585 1.40510269724 1.94033538626
276 2484 -0.968183110137 -0.17246371501 0.163037471927 0.717629727406 0.158612079296 0.291043515134 0.447853009707 0.594913446127 0.757685937695 1.43342648454 1.92531610058
277 2493 -0.968276235955 -0.171190190367 0.172666917275 0.723344049747 0.158612079296 0.291043515134 0.447853009707 0.594913446127 0.757685937695 1.43342648454 1.92531610058
278 2502 -0.967050492447 -0.150510204687 0.143606221264 0.747406050677 0.154916513201 0.287867892127 0.455296408469 0.572364045623 0.742835081315 1.42260736858 1.94489635898
279 2511 -0.965865525883 -0.139573280818 0.135023765235 0.743874437857 0.154916513201 0.287867892127 0.455296408469 0.572364045623 0.742835081315 1.42260736858 1.94489635898
280 2520 -0.968248644309 -0.119387624042 0.182712073771 0.749111496641 0.159407544953 0.283324638996 0.426090971991 0.558192331711 0.71614973271 1.41117347301 1.97405754156
281 2529 -0.970631503689 -0.0588457923179 0.202239399465 0.762381899795 0.159407544953 0.283324638996 0.426090971991 0.558192331711 0.71614973271 1.41117347301 1.97405754156
282 2538 -0.970349674048 -0.0533899244007 0.199746754692 0.759728978482 0.158089943709 0.285797390588 0.435457438601 0.536538564504 0.683222966425 1.3730522909 2.01587807017
283 2547 -0.969990414731 -0.070976700879 0.197643922825 0.755078021828 0.158089943709 0.285797390588 0.435457438601 0.536538564504 0.683222966425 1.3730522909 2.01587807017
284 2556 -0.966972659833 -0.0549494869029 0.182805176871 0.758056369218 0.162392817938 0.306690169953 0.418683201139 0.523303607113 0.677590746443 1.39160859218 2.00866217436
285 2565 -0.964571036821 -0.0537403754363 0.190723874292 0.747355720582 0.162392817938 0.306690169953 0.418683201139 0.523303607113 0.677590746443 1.39160859218 2.00866217436
286 2574 -0.964668223865 -0.0624447355559 0.16776009256 0.754037664171 0.168218069963 0.300118434956 0.423114983563 0.510170069763 0.66690179415 1.41332792411 2.00001949801
287 2583 -0.96762299974 -0.122827799718 0.116437934695 0.753334243454 0.168218069963 0.300118434956 0.423114983563 0.510170069763 0.66690179415 1.41332792411 2.00001949801
288 2592 -0.964400652179 -0.154248017717 0.0983154318039 0.760963956953 0.163426206665 0.258309648034 0.388281450501 0.450634796817 0.579214499503 1.43375439439 2.03999820979
289 2601 -0.964950947066 -0.131935761977 0.111167723146 0.761990267794 0.163426206665 0.258309648034 0.388281450501 0.450634796817 0.579214499503 1.43375439439 2.03999820979
290 2610 -0.958938867133 -0.111730845467 0.119866046101 0.743569090488 0.16720656313 0.266368652337 0.399461501166 0.47344523591 0.557958763854 1.4322326523 2.03832320094
291 2619 -0.95739677874 -0.105755859031 0.151002012452 0.743797565449 0.16720656313 0.266368652337 0.399461501166 0.47344523591 0.557958763854 1.4322326523 2.03832320094
292 2628 -0.958977843574 -0.0883858005955 0.205935445367 0.747159051448 0.168466963379 0.287599108867 0.422301554904 0.462983635925 0.591894180348 1.41442762315 2.03599336015
293 2637 -0.956122657301 -0.0463855213717 0.194691217094 0.748250842231 0.168466963379 0.287599108867 0.422301554904 0.462983635925 0.591894180348 1.41442762315 2.03599336015
294 2646 -0.954266180136 -0.0657801616158 0.187164928236 0.763432014574 0.163355335598 0.283555338808 0.407470554539 0.468822795948 0.620447149155 1.37600770607 2.0563882088
295 2655 -0.952569342157 -0.0806825974055 0.181861245228 0.753720311664 0.163355335598 0.283555338808 0.407470554539 0.468822795948 0.620447149155 1.37600770607 2.0563882088
296 2664 -0.945588347819 -0.0682524528525 0.164577411946 0.752118358513 0.173416229705 0.290188234385 0.414097568165 0.48457718923 0.645465713352 1.38420057683 2.0363665013
297 2673 -0.954898041153 -0.00156501383587 0.150017923116 0.768124957354 0.173416229705 0.290188234385 0.414097568165 0.48457718923 0.645465713352 1.38420057683 2.0363665013
298 2682 -0.957007214043 -0.0131220886954 0.161730802888 0.801290101134 0.163429771002 0.269970501478 0.413395369203 0.433875507752 0.637890717194 1.38671921447 2.05216183668
299 2691 -0.959026359083 -0.0138434615851 0.167617068065 0.816723255385 0.163429771002 0.269970501478 0.413395369203 0.433875507752 0.637890717194 1.38671921447 2.05216183668
300 2700 -0.961082846003 -0.0114169319838 0.185534558119 0.816355725956 0.159312775069 0.254922318471 0.406922669987 0.424867918168 0.627121150211 1.36134392442 2.07773844033
301 2709 -0.964736678816 -0.0339559749914 0.203088850486 0.809005233367 0.159312775069 0.254922318471 0.406922669987 0.424867918168 0.627121150211 1.36134392442 2.07773844033
302 2718 -0.962935722739 -0.0168435753629 0.208984538526 0.812595186035 0.156706598108 0.266079016834 0.411297246465 0.420569234692 0.603372324085 1.36049684561 2.08412841841
303 2727 -0.968696773127 -0.349535495685 0.104411191021 0.83464261558 0.156706598108 0.266079016834 0.411297246465 0.420569234692 0.603372324085 1.36049684561 2.08412841841
304 2736 -0.969483261805 -0.38141947428 0.0682976953845 0.869817153989 0.150768346228 0.243509912842 0.35077141325 0.383292910347 0.541608716056 1.28682189162 2.16766399762
305 2745 -0.968619070409 -0.360165994306 0.0637333558403 0.864459972423 0.150768346228 0.243509912842 0.35077141325 0.383292910347 0.541608716056 1.28682189162 2.16766399762
306 2754 -0.968508225212 -0.277819834213 0.0784977740107 0.85360925169 0.157440876453 0.245904003157 0.353742001099 0.39931654207 0.533875640703 1.37797571042 2.10862899281
307 2763 -0.969621791851 -0.301720415434 0.0955974152367 0.846943343468 0.157440876453 0.245904003157 0.353742001099 0.39931654207 0.533875640703 1.37797571042 2.10862899281
308 2772 -0.969451306581 -0.300506874355 0.0919666620759 0.847116846502 0.153166254359 0.251839424975 0.35953386756 0.388955568549 0.545649858855 1.34526576681 2.12722641355
309 2781 -0.969743779114 -0.281366649887 0.0860281909004 0.847759278292 0.153166254359 0.251839424975 0.35953386756 0.388955568549 0.545649858855 1.34526576681 2.12722641355
310 2790 -0.971399141552 -0.297411439179 0.0680431419347 0.843247590675 0.155274319242 0.26352362058 0.354338480064 0.411651038136 0.563179274096 1.34270821231 2.11929153572
311 2799 -0.970937982181 -0.346360906163 0.0522351083155 0.842526703155 0.155274319242 0.26352362058 0.354338480064 0.411651038136 0.563179274096 1.34270821231 2.11929153572
312 2808 -0.969693265743 -0.00323878272546 0.177504341185 0.849711736135 0.15301190524 0.247567840726 0.335473512675 0.381824020296 0.543834186215 1.45064896536 2.06320804044
313 2817 -0.965790959733 -0.0780480150104 0.0580401144044 0.864011121362 0.15301190524 0.247567840726 0.335473512675 0.381824020296 0.543834186215 1.45064896536 2.06320804044
314 2826 -0.967563063247 -0.117009424707 0.0180202879943 0.870089691642 0.149143831809 0.215881778705 0.313185877226 0.364575892988 0.542305652655 1.58052030254 1.97686882518
315 2835 -0.965862273095 -0.109450872715 0.00833942790744 0.863113293875 0.149143831809 0.215881778705 0.313185877226 0.364575892988 0.542305652655 1.58052030254 1.97686882518
316 2844 -0.963594933236 -0.111827881391 0.00771940817568 0.880223296488 0.147073873254 0.216702975789 0.306121917835 0.361863888813 0.567259349132 1.58123835223 1.97095284006
317 2853 -0.960748033622 -0.119995470075 0.0385882868741 0.879145677573 0.147073873254 0.216702975789 0.306121917835 0.361863888813 0.567259349132 1.58123835223 1.97095284006
318 2862 -0.959268921096 -0.124410490691 0.000493348039423 0.877431504261 0.151745739211 0.218952752143 0.307197541869 0.379520652134 0.559389061623 1.58698588508 1.96448119006
319 2871 -0.9584392343 -0.0400925202864 0.0862644267229 0.878332736965 0.151745739211 0.218952752143 0.307197541869 0.379520652134 0.559389061623 1.58698588508 1.96448119006
320 2880 -0.958901692579 -0.0421615886904 0.124325985847 0.871852074991 0.160177069876 0.223099147415 0.326256660483 0.4246986889 0.569466624299 1.58296328769 1.95133100357
321 2889 -0.960780794004 -0.0281584895212 0.0665000643216 0.86778711869 0.160177069876 0.223099147415 0.326256660483 0.4246986889 0.569466624299 1.58296328769 1.95133100357
322 2898 -0.958435774267 -0.00519853375844 0.0491077591967 0.884745835636 0.156934872633 0.221910908974 0.332024949291 0.418885706368 0.5604078967 1.54537078714 1.98448817378
323 2907 -0.959992685394 -0.00103064128052 0.0585501944783 0.891749875888 0.156934872633 0.221910908974 0.332024949291 0.418885706368 0.5604078967 1.54537078714 1.98448817378
324 2916 -0.959078808852 -0.0128522072536 0.030064252731 0.89814374995 0.152919756579 0.221178949249 0.329748043142 0.41783293161 0.549485348405 1.55852325126 1.97824377085
325 2925 -0.959986144415 -0.0237232346458 0.0263751705159 0.902855239452 0.152919756579 0.221178949249 0.329748043142 0.41783293161 0.549485348405 1.55852325126 1.97824377085
326 2934 -0.962416363568 -0.0228926628321 0.0125065854774 0.90632191946 0.153874145529 0.216579895797 0.326785223986 0.401648342611 0.548182644832 1.57930728036 1.96636472315
327 2943 -0.960867931267 -0.210817096742 0.0172109683226 0.912904875915 0.153874145529 0.216579895797 0.326785223986 0.401648342611 0.548182644832 1.57930728036 1.96636472315
328 2952 -0.955879206999 -0.0301971578765 0.00898582256275 0.922163256717 0.142212531056 0.193483175003 0.310817591697 0.377668591141 0.510625146627 1.57473174544 1.99062317039
329 2961 -0.955800076289 -0.0288142461423 0.0044563947098 0.928162306117 0.142212531056 0.193483175003 0.310817591697 0.377668591141 0.510625146627 1.57473174544 1.99062317039
330 2970 -0.956823143775 -0.00438315181365 0.0104745171888 0.922927444029 0.138468771518 0.18263672967 0.290559872365 0.398744185875 0.52456944144 1.57997363368 1.98306794565
331 2979 -0.955010439954 -0.0123072990647 0.0182459685814 0.922713156865 0.138468771518 0.18263672967 0.290559872365 0.398744185875 0.52456944144 1.57997363368 1.98306794565
332 2988 -0.949683677788 -0.00620876262098 0.0169430844131 0.926203520438 0.141800702768 0.174203015994 0.275417228448 0.389664643835 0.60038700336 1.5687211508 1.97496888147
333 2997 -0.957172676255 -0.0460182046184 0.0690216729112 0.932437065324 0.141800702768 0.174203015994 0.275417228448 0.389664643835 0.60038700336 1.5687211508 1.97496888147
334 3006 -0.959766531618 -0.256453274825 0.0265313984177 0.934757111089 0.127698921801 0.167607474922 0.258128936284 0.386158239574 0.567134891229 1.4894341535 2.04934035814
335 3015 -0.958901235101 -0.12581137135 0.0123528026773 0.936084529005 0.127698921801 0.167607474922 0.258128936284 0.386158239574 0.567134891229 1.4894341535 2.04934035814
336 3024 -0.958737239457 -0.0318243730156 0.0997966373977 0.935106580239 0.125815448975 0.15400612255 0.25066585316 0.344399042446 0.581807070255 1.60590152844 1.9650927028
337 3033 -0.958614443433 -0.0209284389055 0.236704851212 0.932513078145 0.125815448975 0.15400612255 0.25066585316 0.344399042446 0.581807070255 1.60590152844 1.9650927028
338 3042 -0.956376027004 -0.049371280522 0.246968193941 0.940256642042 0.123091920203 0.157047097285 0.261099072631 0.31918223188 0.55923729899 1.63912740733 1.94695905235
339 3051 -0.955335884925 -0.0682579520865 0.217065298761 0.939062823385 0.123091920203 0.157047097285 0.261099072631 0.31918223188 0.55923729899 1.63912740733 1.94695905235
340 3060 -0.955580601391 -0.0632459033489 0.202277203929 0.937909863368 0.125448645412 0.155086815356 0.267725427275 0.302880760947 0.565340160543 1.63490387839 1.95045555412
341 3069 -0.955886353221 -0.0413251647422 0.181042089269 0.926825899525 0.125448645412 0.155086815356 0.267725427275 0.302880760947 0.565340160543 1.63490387839 1.95045555412
342 3078 -0.956082745035 -0.0468603852918 0.183724595767 0.919703243072 0.115881469464 0.160065224834 0.286918252955 0.302427583703 0.584337850425 1.6321803815 1.94466001151
343 3087 -0.957534628385 -0.00437381529787 0.141777079033 0.915506579108 0.115881469464 0.160065224834 0.286918252955 0.302427583703 0.584337850425 1.6321803815 1.94466001151
344 3096 -0.959717644654 -0.013609840783 0.033945871777 0.914406575731 0.113292707692 0.153281458424 0.276393494633 0.314701607272 0.582518852094 1.62536386862 1.95117994376
345 3105 -0.961097475893 -0.0163084022336 0.057899976859 0.915660381668 0.113292707692 0.153281458424 0.276393494633 0.314701607272 0.582518852094 1.62536386862 1.95117994376
346 3114 -0.955696644282 -0.021516015048 0.00844130602566 0.925241115834 0.110135713825 0.150379899844 0.269903846895 0.306856839194 0.549519487823 1.5979811756 1.98563120918
347 3123 -0.959355120299 -0.0541864763923 0.0155024514567 0.912617564983 0.110135713825 0.150379899844 0.269903846895 0.306856839194 0.549519487823 1.5979811756 1.98563120918
348 3132 -0.961266801037 -0.00579824241346 0.044368066961 0.91476979379 0.110750052259 0.146985523127 0.291535289744 0.315988925622 0.553305971516 1.59113019939 1.98581092909
349 3141 -0.963274269475 -0.0485944734096 0.0192718086239 0.914078575786 0.110750052259 0.146985523127 0.291535289744 0.315988925622 0.553305971516 1.59113019939 1.98581092909
350 3150 -0.966190756668 -0.0679299527134 0.0299821557503 0.906283084888 0.110495782076 0.144245705517 0.301408797769 0.323714404568 0.598499774733 1.59361923008 1.96812635485
351 3159 -0.962862088433 -0.0127499954071 0.0100438855618 0.909894080326 0.110495782076 0.144245705517 0.301408797769 0.323714404568 0.598499774733 1.59361923008 1.96812635485
352 3168 -0.963056881371 -0.0567508622667 0.0152360728203 0.912522793244 0.114634346494 0.14243294373 0.295683248605 0.321632841417 0.588664414414 1.5933851259 1.97238272218
353 3177 -0.96384291492 -0.0493034973373 0.0299804158623 0.919637350692 0.114634346494 0.14243294373 0.295683248605 0.321632841417 0.588664414414 1.5933851259 1.97238272218
354 3186 -0.964934520642 -0.00309379200553 0.0237977140355 0.920839334443 0.108946233574 0.132742036996 0.276158885763 0.310184052986 0.568156484476 1.6167454108 1.96503559222
355 3195 -0.965630939742 -0.0267120281752 0.0562757752718 0.914125937132 0.108946233574 0.132742036996 0.276158885763 0.310184052986 0.568156484476 1.6167454108 1.96503559222
356 3204 -0.961750692765 -0.0687617306557 0.0223761200636 0.919052344313 0.111733365086 0.128231988248 0.265301165761 0.325452940898 0.601162933894 1.61212108069 1.95817175833
357 3213 -0.962263444308 -0.0413271563271 0.0491384617611 0.919012231385 0.111733365086 0.128231988248 0.265301165761 0.325452940898 0.601162933894 1.61212108069 1.95817175833
358 3222 -0.955313578652 -0.0101348890694 0.111182456288 0.920889251253 0.122636262932 0.128826036437 0.255706912526 0.34683241227 0.606055023102 1.60656805133 1.95814245075
359 3231 -0.95164111512 -0.0741473984007 0.0881433860611 0.920840235442 0.122636262932 0.128826036437 0.255706912526 0.34683241227 0.606055023102 1.60656805133 1.95814245075
360 3240 -0.949943498134 -0.0239092265569 0.0997018465472 0.904208141308 0.132649769432 0.13982845516 0.264806788094 0.364646178954 0.617620985389 1.59973531928 1.95426553918
361 3249 -0.947957810803 -0.038516786233 0.0253978432749 0.904236905185 0.132649769432 0.13982845516 0.264806788094 0.364646178954 0.617620985389 1.59973531928 1.95426553918
362 3258 -0.946882769865 -0.0163601499783 0.104984489134 0.90239010271 0.129768356172 0.139555810837 0.265835967272 0.367294781842 0.649667756465 1.62010373103 1.92647497727
363 3267 -0.945976142067 -0.0289502240589 0.0836484595976 0.904127707885 0.129768356172 0.139555810837 0.265835967272 0.367294781842 0.649667756465 1.62010373103 1.92647497727
364 3276 -0.948378601998 -0.0256273530528 0.0807765027435 0.895089267766 0.134824551679 0.139995791502 0.266782246844 0.386557402756 0.667306616818 1.61438675951 1.92095845755
365 3285 -0.950288190667 -0.0701828607971 0.0336004301473 0.893895312544 0.134824551679 0.139995791502 0.266782246844 0.386557402756 0.667306616818 1.61438675951 1.92095845755
366 3294 -0.948158043443 -0.0584805817139 0.0544836404502 0.890003595816 0.129760002178 0.137655337174 0.259884602021 0.389261886497 0.668564494705 1.60131080791 1.93234928008
367 3303 -0.94728428304 -0.0621773241764 0.0583460600612 0.888155083802 0.129760002178 0.137655337174 0.259884602021 0.389261886497 0.668564494705 1.60131080791 1.93234928008
368 3312 -0.943292459857 -0.0277170270898 0.088714646689 0.900964343121 0.116045722085 0.132897133652 0.265368212893 0.338950238419 0.639373201926 1.58955372676 1.96165365142
369 3321 -0.934877858599 -0.0713661424713 0.00230468563619 0.903544293372 0.116045722085 0.132897133652 0.265368212893 0.338950238419 0.639373201926 1.58955372676 1.96165365142
370 3330 -0.924782020671 -0.0112555410293 0.0353076067346 0.899543033905 0.116962066917 0.135200444118 0.273259921945 0.402072072719 0.698434777842 1.57146080624 1.94278346034
371 3339 -0.926032058521 -0.0141399755919 0.031983811451 0.898438830896 0.116962066917 0.135200444118 0.273259921945 0.402072072719 0.698434777842 1.57146080624 1.94278346034
372 3348 -0.926718648528 -0.00553738209754 0.0174794619619 0.893604037573 0.117915147979 0.132976581495 0.266059742874 0.417302710767 0.686124338483 1.59089099759 1.92919235261
373 3357 -0.917851293211 -0.0133291441153 0.0278927025625 0.900405353439 0.117915147979 0.132976581495 0.266059742874 0.417302710767 0.686124338483 1.59089099759 1.92919235261
374 3366 -0.922570673017 -0.0288209189529 0.0394071745117 0.893422659933 0.11313537287 0.126228326635 0.272006878725 0.432846408668 0.668326722811 1.55578024583 1.96030871539
375 3375 -0.921278658453 -0.0599504147546 0.0065915732233 0.907159847484 0.11313537287 0.126228326635 0.272006878725 0.432846408668 0.668326722811 1.55578024583 1.96030871539
376 3384 -0.917603644842 -0.0488993975613 0.0335722906797 0.905537021534 0.107835569026 0.137818298415 0.242452084905 0.405482433978 0.716998988073 1.55893870163 1.9498208032
377 3393 -0.916408586104 -0.0312779155568 0.0785254685172 0.916064880066 0.107835569026 0.137818298415 0.242452084905 0.405482433978 0.716998988073 1.55893870163 1.9498208032
