% # columns="iteration, evaluation, void, void, void, xmean", seed=888861, Sun Nov 23 12:08:58 2014 # scaling_of_variables: 1, typical_x: 0
0 0 0 0.0 nan 2.88734532873 2.7658329942 1.01944491674 0.825579254038 2.94556333483 2.94556333483 1.86127118327
1 9 0 0.0 nan 2.98351012556 2.72272585727 0.846174839875 0.277328094755 2.45085964309 3.25116041077 2.1944730937
2 18 0 0.0 nan 2.68262050991 2.95454872554 0.613206233637 -0.53584770086 2.32788006505 2.48686581653 1.9786983193
3 27 0 0.0 nan 2.22866643018 2.50628757921 0.908140256365 -0.302072583654 1.18441188207 2.72746984165 2.17320955715
4 36 0 0.0 nan 2.5344052487 2.32371683415 0.516244170794 -0.441226079711 0.851260251882 2.4013175698 2.17893947507
5 45 0 0.0 nan 2.38285801619 2.05895631655 0.322111281008 -1.03835852059 1.21358828902 1.98171192591 3.19828483644
6 54 0 0.0 nan 2.7174806422 0.919204483914 0.884030402478 -0.396930709508 1.66307306416 2.21689933051 3.40551800687
7 63 0 0.0 nan 2.84239906034 1.65132992155 0.826174147474 0.00834807262998 1.31414074765 2.49437878233 3.25096012056
8 72 0 0.0 nan 2.71418488307 0.85079502418 1.2462372204 0.0951210926304 1.35114146227 1.77698189079 2.81388092368
9 81 0 0.0 nan 2.95771213789 0.513118914124 2.43823711119 -0.112835188858 1.11153733471 2.03007443359 3.01387466215
10 90 0 0.0 nan 2.70074002036 0.767594994602 2.2284460678 0.460007877648 0.511441775007 1.6958837104 2.63548971309
11 99 0 0.0 nan 2.76157062606 0.764174757257 1.8674378414 0.136358314301 0.249343062284 1.59822066607 2.44621617287
12 108 0 0.0 nan 2.24217809606 1.05676738476 1.35166657846 0.484597010995 -0.264730881187 1.6348785201 2.11266663788
13 117 0 0.0 nan 2.27381249706 1.52947767587 1.33071521128 1.3536335379 -0.0522860908574 1.2769035845 2.8781807255
14 126 0 0.0 nan 2.98359581133 1.96865587509 1.74041427367 0.824230374589 0.452123013042 1.64667385945 3.28106955548
15 135 0 0.0 nan 2.54656360218 2.04865196856 1.59161340964 0.613711429991 1.07346527786 1.29033284685 3.31422485143
16 144 0 0.0 nan 2.25623151541 1.62868464187 1.42419450922 0.727184984053 0.86878970368 1.50676957053 3.42268293455
17 153 0 0.0 nan 2.28581277244 2.04581557903 1.33893270085 0.851598507198 1.0769763487 1.25268124605 3.59173364698
18 162 0 0.0 nan 2.24683753505 1.84776923959 0.93159249636 1.03114952788 1.04881820611 0.703627847688 3.59712367358
19 171 0 0.0 nan 2.30519982504 1.51866336788 0.943595189765 1.5710239862 1.3280591515 -0.136376674579 3.81429710806
20 180 0 0.0 nan 2.61268448163 1.01378280941 0.685310329672 1.02514377636 1.18473670876 0.294967810881 3.90657886143
21 189 0 0.0 nan 2.27705629667 1.28133685508 0.446084120529 1.02296799941 1.27629635043 0.0730597810425 3.51622785964
22 198 0 0.0 nan 2.58148301721 1.34609614633 0.35540275608 0.998487404368 1.30667434041 0.0982686819407 3.50110706235
23 207 0 0.0 nan 2.78889675103 0.748615151605 0.45637848343 0.588500677789 1.46973592793 -0.0641879528782 3.79907203203
24 216 0 0.0 nan 2.66416829382 0.89220512932 0.341949750378 0.750351766495 1.78483915295 -0.169886581707 3.77275825225
25 225 0 0.0 nan 2.61388416087 1.30473880322 0.566750179469 0.801116786527 1.61098584065 0.433293819791 3.62374255768
26 234 0 0.0 nan 2.18772817181 1.47890133274 0.41864478084 0.596090762066 1.21958505667 0.447744860097 3.27026610137
27 243 0 0.0 nan 2.2711885368 1.64792077121 0.554122294006 0.819467096865 1.06156006151 0.127929377001 3.33214114364
28 252 0 0.0 nan 2.06367335401 1.62864403109 0.413916397057 0.737136288063 1.41366003423 -0.479554277084 3.25931326419
29 261 0 0.0 nan 2.21503581531 2.06082636482 0.350891833321 1.14134915716 1.15358365027 -0.391686240696 3.53096570927
30 270 0 0.0 nan 2.10455536078 2.27563364302 0.440418822406 0.997188697444 1.26391252532 -0.376039184163 3.35053686965
31 279 0 0.0 nan 2.3536664344 1.85821915075 0.522626734136 1.28658552443 1.09039453858 -0.764002712244 3.47803229638
32 288 0 0.0 nan 2.22394171492 2.25094202542 0.314510680056 1.08076575595 0.999345530547 -0.826745152758 3.33578633719
33 297 0 0.0 nan 2.17432536251 2.366780993 0.337119975936 1.2573256058 0.612006371878 -0.315663144611 3.22292372659
34 306 0 0.0 nan 2.38848891101 2.09167848316 0.602018395373 0.920541503069 0.57533035648 0.240966306522 3.17517112094
35 315 0 0.0 nan 2.47174539418 2.39019650732 0.825321723896 1.20672424903 0.984208605002 0.36325482966 3.520674731
36 324 0 0.0 nan 2.27756590025 2.60052775592 0.695862668816 1.47538820358 1.09078337093 -0.331143149589 3.56570921493
37 333 0 0.0 nan 2.46411455994 2.1396662732 0.84611450562 1.34139873105 1.16572449265 -0.1179792935 3.59049200569
38 342 0 0.0 nan 2.47924055111 2.23583092698 0.76520658147 1.3251247826 1.19296063946 0.0715423551229 3.312102669
39 351 0 0.0 nan 2.34047079273 2.16940180199 0.585200097764 0.800809975026 0.956307649902 0.275590383202 3.05166430977
40 360 0 0.0 nan 2.33305324389 2.09705894166 0.542710836222 0.824268312237 1.33093572717 -0.0505631745747 3.3033501881
41 369 0 0.0 nan 2.33394244876 1.83776204237 0.665656507269 0.72774551206 1.62778745576 -0.0600275262413 3.26535286882
42 378 0 0.0 nan 2.20257546258 1.9988736394 0.651871556181 0.781937763778 1.58638033796 0.168154258916 3.33935242903
43 387 0 0.0 nan 2.11622682785 1.99691044576 0.747515503489 0.963962130399 1.73860614102 -0.0773869536226 3.3413286391
44 396 0 0.0 nan 2.24118505352 2.07716683694 0.597409015539 0.968896419704 1.69248670437 -0.0358523214135 3.2601539803
45 405 0 0.0 nan 2.44571895428 1.98057085229 0.854389992008 1.10014142834 1.48760207977 -0.12046589116 3.44048593963
46 414 0 0.0 nan 2.39200107555 2.13059697172 0.721508259283 0.922380414603 1.40119426622 0.0472134121478 3.44596438704
47 423 0 0.0 nan 2.40440409567 2.3284589704 0.602039837182 1.08702613212 1.36282479434 -0.146743179113 3.46304910071
48 432 0 0.0 nan 2.36773847045 2.40920465488 0.456776555017 1.03153075615 1.25226108525 -0.161568331164 3.31015567613
49 441 0 0.0 nan 2.44646821298 2.37607354909 0.447302930288 0.972828877921 1.3208852102 -0.0654372747542 3.35802540436
50 450 0 0.0 nan 2.53686062275 2.25949726389 0.520224857127 0.864840773527 1.49431179263 -0.040588338132 3.43765892455
51 459 0 0.0 nan 2.66720258245 2.25083986877 0.49159711429 0.762189172372 1.29418181607 0.0875154121682 3.43388260483
52 468 0 0.0 nan 2.59047383965 2.30925938352 0.699287023541 0.915352502927 1.34578104168 0.00654721493796 3.42853625937
53 477 0 0.0 nan 2.54492505768 2.17547246877 0.74636771394 0.644656344562 1.52599802143 0.220973408527 3.39613598915
54 486 0 0.0 nan 2.49780863514 2.21014410252 0.856237285346 0.834639092948 1.74597259631 -0.135695814597 3.42967156917
55 495 0 0.0 nan 2.58103117209 2.06396647918 1.10062725955 0.799742697999 1.64175417298 -0.198330251423 3.48105652168
56 504 0 0.0 nan 2.64237858688 1.94341280551 1.24239056008 0.714248494553 1.65077604099 -0.206316583948 3.5437616586
57 513 0 0.0 nan 2.82138184015 2.04839180698 1.34778317282 0.647473887492 1.57621707168 0.00834787377606 3.71412673123
58 522 0 0.0 nan 2.90234020806 2.06507517661 1.30392647875 0.549111920025 1.50903312185 0.225547891664 3.58296435721
59 531 0 0.0 nan 3.09554551981 2.15548175095 1.23684102289 0.673950058186 1.57767902519 0.0232967870403 3.82282966345
60 540 0 0.0 nan 2.86658730346 2.53708075611 1.03910686142 0.813863420494 1.35907592833 0.189276855184 3.46719889734
61 549 0 0.0 nan 2.79515343913 2.7547205848 1.10712536318 1.48424797801 1.87397736748 -0.687727550203 3.58650619014
62 558 0 0.0 nan 2.84875818378 2.68505435296 1.10294309585 1.27764076501 1.8562801754 -0.688559837704 3.3050784297
63 567 0 0.0 nan 2.60770173563 3.1215130841 0.93310636196 1.52251599855 1.75203385591 -0.86839864657 3.36678197145
64 576 0 0.0 nan 2.47798244033 3.04864282422 0.916476637048 1.36371368986 1.89122254461 -1.30319406171 3.16810291172
65 585 0 0.0 nan 2.56154313751 3.27299320766 0.892573925656 1.6757242737 1.9059105291 -1.17947901302 3.17058172764
66 594 0 0.0 nan 2.57811769153 3.34276961149 0.903326651446 1.71385645557 2.19627851119 -1.12973665213 3.01322411171
67 603 0 0.0 nan 2.74148171299 2.95612301932 1.33990878599 1.59051075136 2.38985639925 -1.15983187652 3.33381670405
68 612 0 0.0 nan 2.7016680529 2.95160761103 1.77762608613 1.52929455327 2.58387970199 -1.73021345556 3.50242397699
69 621 0 0.0 nan 2.65264528239 3.34714492671 1.38997157024 2.01920871946 2.70020506189 -2.25278441652 3.53215866621
70 630 0 0.0 nan 2.62474748365 3.27086056065 1.61106880672 2.02165424627 2.7095991103 -2.08241881074 3.7338651425
71 639 0 0.0 nan 2.33421137374 3.62898656396 1.48287121401 2.44089221019 2.58116548762 -2.74072810094 3.70443546228
72 648 0 0.0 nan 2.47435120772 4.07712302286 1.26425154565 2.59533874336 2.42441813971 -2.63086636081 3.53695778838
73 657 0 0.0 nan 2.26721947129 4.03670597872 1.03032296939 2.15708798703 2.59069582866 -2.53998123399 3.450141029
74 666 0 0.0 nan 2.15296931076 4.26172844095 1.03915431919 1.89537211414 2.16054581004 -1.80776576034 3.32976238124
75 675 0 0.0 nan 1.84744235479 4.55311172743 1.02185607919 2.16150998737 2.15934134173 -2.11170859259 3.09525486229
76 684 0 0.0 nan 1.9422253436 4.1224077665 1.0433189172 1.66052698326 2.54035171303 -1.82644184149 3.40487918428
77 693 0 0.0 nan 2.00884436322 4.13122893736 1.14647542911 1.87888588233 2.21227352364 -1.95768441585 3.26788839807
78 702 0 0.0 nan 2.19055969324 4.10033614003 1.02036267141 1.96648414362 2.07209310797 -1.67871996865 3.35770021348
79 711 0 0.0 nan 2.19809946865 3.8182996334 1.11229663188 2.04752228115 2.3508127667 -1.81577062345 3.25516800799
80 720 0 0.0 nan 2.10849473779 4.13328906555 0.91197713804 2.06620385315 2.05830921762 -1.79398042977 3.10667772137
81 729 0 0.0 nan 2.06226513432 4.4836181602 0.762385806399 2.20871157761 1.88363849347 -1.67598303901 2.87969297126
82 738 0 0.0 nan 1.91515888289 4.43335761508 0.567424837164 2.0411516272 1.77501345085 -1.53437443529 2.78038520069
83 747 0 0.0 nan 1.99234666042 4.33740335406 0.758087521246 2.16648375922 1.90561640514 -1.5499657738 2.85664513012
84 756 0 0.0 nan 2.0610747018 4.12754638542 0.913607446616 2.29603482545 1.98847809806 -1.74543031317 2.81848339656
85 765 0 0.0 nan 2.11395814487 4.06856505041 0.917664322923 2.22383951665 1.94624572101 -1.5415240795 2.87830306772
86 774 0 0.0 nan 2.13510598332 3.90849110029 1.01648822079 2.26888396473 1.95427827773 -1.42343733327 2.96317574127
87 783 0 0.0 nan 2.29538618375 3.89510408707 1.08855472304 2.26306590023 2.14548516251 -1.49424702885 3.07187728298
88 792 0 0.0 nan 2.26095421222 4.02231437367 1.1208726046 2.39972369061 2.11920490426 -1.52682977066 2.99670729342
89 801 0 0.0 nan 2.22626930404 3.98894073805 1.14839665376 2.31574140711 2.16882424198 -1.51209097191 3.01501804556
90 810 0 0.0 nan 2.24838091467 3.95187325677 1.21555771402 2.32572517025 2.07755907374 -1.46518317112 3.12099576276
91 819 0 0.0 nan 2.14815600512 4.16389103741 1.08506443568 2.4352557429 1.95152457179 -1.51860206552 2.98725539956
92 828 0 0.0 nan 2.19363245722 4.14338620915 1.09528077995 2.60397341664 2.08085115251 -1.57723264257 3.03681365831
93 837 0 0.0 nan 2.11456385411 4.12900868909 0.939061221576 2.5601683439 1.88572483967 -1.31064905443 2.8789269556
94 846 0 0.0 nan 2.10894831218 4.16802312515 0.94572010844 2.46714717513 1.88378914806 -1.1774062321 2.78252726489
95 855 0 0.0 nan 2.13985064018 4.05955293245 0.97917936684 2.48867168715 1.85388733751 -0.956135400332 2.77794315635
96 864 0 0.0 nan 2.13494049634 3.98134165404 0.976531598815 2.25829387179 1.83858624423 -0.818741571686 2.85794808676
97 873 0 0.0 nan 2.10067154977 4.05822292673 0.846584739699 2.19835451312 1.77310801006 -0.756016164375 2.83369112597
98 882 0 0.0 nan 2.10202732572 4.00707123137 0.888386197906 2.34928007136 1.64110246499 -0.711278818866 2.73362382715
99 891 0 0.0 nan 2.15108691313 3.80929075176 0.913789666867 2.30297348772 1.79216198547 -0.83959552978 2.90703702482
100 900 0 0.0 nan 2.08006804639 3.79262894292 0.82813288723 2.06224310965 1.62835226376 -0.734392275513 2.86855979815
101 909 0 0.0 nan 2.12518968231 3.64588424112 0.787352694561 2.12780970268 1.56936958874 -0.56497145907 2.82936317559
102 918 0 0.0 nan 2.12727062807 3.81822145168 0.829332443554 2.26975963353 1.47585812493 -0.704443169054 2.77876608561
103 927 0 0.0 nan 2.04606461141 3.90332720223 0.723791150526 2.33631468853 1.32630139799 -0.561309078074 2.56352688136
104 936 0 0.0 nan 1.99384574059 3.91652627539 0.738082487736 2.3588430847 1.27700372413 -0.668423087224 2.46832149598
105 945 0 0.0 nan 2.03182851604 4.11910952777 0.754323686924 2.38749586557 1.18821035865 -0.728874595988 2.36856946808
106 954 0 0.0 nan 2.1380367031 3.99392908097 0.825271911763 2.22751336986 1.25492502629 -0.5449068827 2.44323581814
107 963 0 0.0 nan 2.14726672454 3.96519149779 0.768038321503 2.31731768933 1.2571576586 -0.643772972396 2.41183726125
108 972 0 0.0 nan 2.02900241983 4.17098142196 0.60838814907 2.16248247991 1.04898079697 -0.413314705179 2.42447498683
109 981 0 0.0 nan 2.02156022235 3.98343649627 0.593985331416 1.9957048814 1.16833794498 -0.410278894478 2.5348646727
110 990 0 0.0 nan 2.11475534177 4.05859930425 0.688991007165 2.44209836707 1.3991677032 -0.820365277441 2.55603238826
111 999 0 0.0 nan 2.11232135889 4.21664532011 0.737396505267 2.44382032026 1.17517030597 -0.558744488763 2.43826666712
112 1008 0 0.0 nan 2.1130921191 4.156519774 0.75558508688 2.51079492795 1.39050383051 -0.726175870766 2.54880929344
113 1017 0 0.0 nan 2.11789918467 4.11696040662 0.893282782696 2.53178499374 1.47456828036 -0.816031846354 2.55265959713
114 1026 0 0.0 nan 2.19226879565 3.98387258569 0.893669907467 2.50669003563 1.640599951 -0.900219832977 2.71846441885
115 1035 0 0.0 nan 2.25633126681 3.89776546951 0.930655479286 2.74431549446 1.78293277133 -1.1127483377 2.72138977367
116 1044 0 0.0 nan 2.33015952564 3.62995390481 1.0757218614 2.75403961872 2.08751455327 -1.35253103791 2.97060256883
117 1053 0 0.0 nan 2.27845454138 3.60518605002 1.0446556813 2.61984841045 2.10493630031 -1.23585336016 2.96583569471
118 1062 0 0.0 nan 2.20077245927 3.8035223114 0.890166726643 2.56131402205 1.96358565738 -1.15217053258 3.01074493357
119 1071 0 0.0 nan 2.20115594763 3.95817427591 0.822411556104 2.58300517198 1.92249270623 -1.20321827309 2.97628678612
120 1080 0 0.0 nan 2.17435657631 3.92934979806 0.870579638557 2.43797278684 1.87131105264 -1.08132072575 3.02178879785
121 1089 0 0.0 nan 2.1674751365 3.85955285044 0.897597329133 2.31555175839 1.89526399751 -1.14134140051 3.07445281043
122 1098 0 0.0 nan 2.14599343677 4.00569780647 0.880334799109 2.35604578339 1.73227466914 -1.06762066088 2.97068234548
123 1107 0 0.0 nan 2.10648976109 3.92029518883 0.862412396656 2.20744354649 1.64768311851 -0.953556209325 2.97616553084
124 1116 0 0.0 nan 2.11777756331 3.87190540352 0.872994154667 2.21790353214 1.76136148582 -0.968463910564 3.05082564938
125 1125 0 0.0 nan 2.15974523345 3.82025650007 0.959927202788 2.24849564349 1.87075214626 -1.01295018458 3.09949463719
126 1134 0 0.0 nan 2.1921139696 3.85472388042 0.967522610313 2.21147288652 1.95081110409 -1.09318712697 3.17627958101
127 1143 0 0.0 nan 2.18612784552 3.90800521773 0.975766047464 2.36854073223 1.91832889795 -1.18480064184 3.1290665287
128 1152 0 0.0 nan 2.19631567762 3.74803948702 1.02314516652 2.23964234632 1.97912703574 -1.18649887768 3.19628645871
129 1161 0 0.0 nan 2.21891878579 3.69280916748 1.03196333952 2.33744648966 2.06148657959 -1.29512599072 3.20686977947
130 1170 0 0.0 nan 2.23194046109 3.62356637302 1.02607766025 2.26876325541 2.13647759164 -1.36227694173 3.27426465306
131 1179 0 0.0 nan 2.2688400298 3.54386496116 1.05832793806 2.37584508496 2.26785403454 -1.46887640747 3.34490383727
132 1188 0 0.0 nan 2.27354100496 3.63348757401 1.0454147183 2.50088476258 2.17818993526 -1.35930930164 3.27137461391
133 1197 0 0.0 nan 2.29124953427 3.65960540322 1.06517090617 2.54517129309 2.20155221177 -1.42372747708 3.26784463601
134 1206 0 0.0 nan 2.29328560344 3.61759111708 1.08660649604 2.64890284978 2.33472800945 -1.58203962899 3.32454598922
135 1215 0 0.0 nan 2.21903556023 3.70998827301 1.02203040413 2.5481465402 2.16390476743 -1.51708856817 3.24640588342
136 1224 0 0.0 nan 2.22563008245 3.62901700867 1.12472045485 2.58269467878 2.32459941751 -1.65594528419 3.34481664743
137 1233 0 0.0 nan 2.20803269609 3.66356015306 1.11193093651 2.5218350835 2.26544351937 -1.55617620961 3.31854304417
138 1242 0 0.0 nan 2.15064996128 3.69283101763 1.10596460011 2.53030568195 2.14385781167 -1.44448934381 3.25260387894
139 1251 0 0.0 nan 2.12650438352 3.72561310649 1.12190925596 2.52752646431 2.16652203537 -1.4485310153 3.28996610814
140 1260 0 0.0 nan 2.1319194889 3.70793265438 1.12347165578 2.59858768307 2.21234631931 -1.51791908455 3.29081304218
141 1269 0 0.0 nan 2.10146236283 3.80920834796 1.1030602879 2.5346292088 2.11487154691 -1.36375026318 3.19825078165
142 1278 0 0.0 nan 2.13827467393 3.76236522816 1.16158930914 2.59047704585 2.18917144863 -1.39076717736 3.24070451457
143 1287 0 0.0 nan 2.17198352544 3.73664256409 1.12415192731 2.45517662123 2.16851142368 -1.32789591154 3.25922757592
144 1296 0 0.0 nan 2.19298290955 3.75185346246 1.13250558457 2.48123164585 2.15328161509 -1.25811140426 3.21436155842
145 1305 0 0.0 nan 2.17708639575 3.7329952292 1.12104365703 2.46649035988 2.21438034022 -1.31667935322 3.24858304714
146 1314 0 0.0 nan 2.1782445373 3.78638280295 1.1186014804 2.5022366609 2.22641730065 -1.33276852718 3.24183253298
147 1323 0 0.0 nan 2.18028538501 3.77132176681 1.11198280338 2.45295065383 2.19161513239 -1.29927768106 3.23592140492
148 1332 0 0.0 nan 2.17184040954 3.80405909623 1.08860169065 2.44829409482 2.15998465643 -1.30762587064 3.18097394178
149 1341 0 0.0 nan 2.15868355165 3.76355668692 1.07660216287 2.36451252176 2.16501939218 -1.25843216458 3.1728220268
150 1350 0 0.0 nan 2.19936101792 3.73785279472 1.06488606712 2.47090940614 2.20301474346 -1.34378485716 3.1545431423
151 1359 0 0.0 nan 2.15069655387 3.8535679285 1.0410910768 2.53466105746 2.10610694874 -1.23214818912 3.09761197767
152 1368 0 0.0 nan 2.14409506627 3.88296087296 1.01685573022 2.43393175664 2.08701724681 -1.22391180219 3.07829539499
153 1377 0 0.0 nan 2.14883181952 3.83450624273 1.02342713093 2.40050132234 2.15713350444 -1.31671751377 3.18129697045
154 1386 0 0.0 nan 2.11704270593 3.81474989206 1.00990753384 2.27942876319 2.05430221476 -1.17620050313 3.12238927251
155 1395 0 0.0 nan 2.12245602194 3.80826298237 1.03566441379 2.32903553863 2.07395382848 -1.15780048793 3.1377866275
156 1404 0 0.0 nan 2.13938180199 3.80085130479 1.03766209796 2.33692710616 2.10750872916 -1.21066057284 3.14072831479
157 1413 0 0.0 nan 2.16376568132 3.78440709785 1.04312404556 2.26958187763 2.1403552534 -1.21200139975 3.19257273274
158 1422 0 0.0 nan 2.16110315929 3.80446194332 1.04377813363 2.32857644522 2.14571012299 -1.26867542304 3.19532639847
159 1431 0 0.0 nan 2.15717778927 3.82619652039 1.04512392776 2.31557638729 2.12434064536 -1.21375548181 3.19870809086
160 1440 0 0.0 nan 2.12130304043 3.89107961126 1.0436752109 2.35043710345 2.0635820754 -1.18517187689 3.14309027213
161 1449 0 0.0 nan 2.13163548702 3.81047201507 1.06105623592 2.32270771822 2.13465986836 -1.26945137257 3.19751757757
162 1458 0 0.0 nan 2.14003688728 3.79107219078 1.05882198338 2.32026243413 2.18660408417 -1.33480263541 3.21935377091
163 1467 0 0.0 nan 2.13356147699 3.79238981579 1.03762130208 2.26789753501 2.16179975128 -1.29374952834 3.20576966943
164 1476 0 0.0 nan 2.11503619754 3.83235139676 1.0465557871 2.26986009765 2.12903538397 -1.25697342963 3.18899706053
165 1485 0 0.0 nan 2.1010994725 3.85216280993 1.05751307914 2.28806902335 2.12656305235 -1.23950052318 3.18738690857
166 1494 0 0.0 nan 2.09859482922 3.86225406273 1.05189470384 2.32787343073 2.12818166332 -1.2650854123 3.16468142898
167 1503 0 0.0 nan 2.08589719265 3.88311125579 1.05885447571 2.33664643539 2.10508549646 -1.20310450358 3.14637271094
168 1512 0 0.0 nan 2.07735502364 3.89261835889 1.06782161847 2.39206752407 2.11365974525 -1.21301471717 3.14805803538
169 1521 0 0.0 nan 2.0924124925 3.84063024376 1.08252974396 2.39463901989 2.14333822015 -1.25363165648 3.1816830568
170 1530 0 0.0 nan 2.09317147355 3.7895889511 1.08392471264 2.3008192679 2.16139916399 -1.25342625976 3.24710223823
171 1539 0 0.0 nan 2.10094307176 3.80503164476 1.08785688557 2.38375507347 2.17150652739 -1.2718458166 3.21401802538
172 1548 0 0.0 nan 2.07153854922 3.82662087533 1.0922761518 2.36894126784 2.19170902527 -1.29347728351 3.22602800885
173 1557 0 0.0 nan 2.07861153898 3.80116949583 1.09878220362 2.3934522882 2.19283984185 -1.32045434837 3.22696492046
174 1566 0 0.0 nan 2.06418398677 3.79765761504 1.0951768356 2.30878457153 2.1648901899 -1.25219062924 3.21755159752
175 1575 0 0.0 nan 2.07013443325 3.79405796851 1.10073898634 2.3209810109 2.1539878254 -1.24391636211 3.2187237101
176 1584 0 0.0 nan 2.0688292869 3.77624692909 1.11152486347 2.32838760117 2.15846267386 -1.26782020801 3.2095811908
177 1593 0 0.0 nan 2.07492857028 3.75178492568 1.12289584673 2.33600315693 2.16834632615 -1.29161103551 3.2115255099
178 1602 0 0.0 nan 2.08589171457 3.69939753948 1.13264390353 2.34098350783 2.17606342473 -1.29900474537 3.21360034176
179 1611 0 0.0 nan 2.09194893313 3.70917911917 1.12951384082 2.31223902571 2.16760579856 -1.28636013753 3.22904712538
180 1620 0 0.0 nan 2.07513712409 3.740708077 1.123620901 2.30927648088 2.13886293766 -1.23766024568 3.2117181778
181 1629 0 0.0 nan 2.09058549986 3.68709139886 1.1199453204 2.27995529504 2.14904720094 -1.28609682537 3.22252639903
182 1638 0 0.0 nan 2.0992282394 3.69870408539 1.1172990073 2.28202882871 2.13901639301 -1.26412406999 3.22956864135
183 1647 0 0.0 nan 2.11715176065 3.68056221336 1.11597782433 2.2805663835 2.14719369021 -1.25862580436 3.244050658
184 1656 0 0.0 nan 2.10783971361 3.65326863111 1.12201107218 2.271501624 2.14892377646 -1.28125250359 3.25350132282
185 1665 0 0.0 nan 2.10233167096 3.6503388798 1.13107441021 2.23196890264 2.13594627212 -1.22982675673 3.25160821028
186 1674 0 0.0 nan 2.09612725195 3.64362982505 1.13720526648 2.19671628061 2.11793094311 -1.21671428498 3.2495935626
187 1683 0 0.0 nan 2.10050693641 3.61733784905 1.14468709425 2.20532692723 2.10853854025 -1.22989109399 3.25667325233
188 1692 0 0.0 nan 2.08507432737 3.61435385274 1.14523252568 2.18517788933 2.09802154426 -1.22485527105 3.24820981608
189 1701 0 0.0 nan 2.09893278907 3.60502705054 1.14714694422 2.22174691641 2.10070185831 -1.23111841795 3.25079731288
190 1710 0 0.0 nan 2.07506084609 3.65942634155 1.13355901722 2.2397497476 2.07829697298 -1.2000363926 3.22200512611
191 1719 0 0.0 nan 2.08688040722 3.65975733465 1.13023388381 2.24853888564 2.08009511129 -1.19736600958 3.22331473711
192 1728 0 0.0 nan 2.07916869616 3.66087314616 1.12951093277 2.26375427209 2.09599121603 -1.23361280758 3.21471967903
193 1737 0 0.0 nan 2.07949731864 3.6602458364 1.13008699101 2.2511863959 2.09723115733 -1.23972560191 3.2214771536
194 1746 0 0.0 nan 2.0718274091 3.65522825525 1.12583423583 2.26401958722 2.11228614651 -1.25935661319 3.22548281154
195 1755 0 0.0 nan 2.08622177269 3.62442010427 1.12518467162 2.25679766306 2.13018251046 -1.2623819286 3.24470729426
196 1764 0 0.0 nan 2.08181678083 3.63914868346 1.11314239278 2.24358083415 2.11610654359 -1.24918080571 3.22833961322
197 1773 0 0.0 nan 2.08508768773 3.64665255132 1.11900749207 2.2541250642 2.1164785793 -1.2408849984 3.22341044528
198 1782 0 0.0 nan 2.07212454592 3.65111619596 1.11960900533 2.27648652096 2.12775436516 -1.26968958073 3.21503116931
199 1791 0 0.0 nan 2.07050522169 3.66227387562 1.12065423684 2.2754247544 2.12470180308 -1.2601249799 3.20977071891
200 1800 0 0.0 nan 2.07820048693 3.62738890497 1.12468755364 2.25843850386 2.13902961761 -1.26696272665 3.22222168728
201 1809 0 0.0 nan 2.0611031016 3.62776381258 1.12647437431 2.27104931599 2.15932597663 -1.28974642141 3.22015770591
202 1818 0 0.0 nan 2.06802073403 3.6199075268 1.13529305902 2.27010935817 2.16954823231 -1.30384941488 3.23062425249
203 1827 0 0.0 nan 2.06763196725 3.59449007187 1.14014740984 2.25324361218 2.17881193276 -1.32339533391 3.24677073845
204 1836 0 0.0 nan 2.07050845693 3.59198727941 1.14132971341 2.26415345837 2.16325787473 -1.30233614908 3.24538264276
205 1845 0 0.0 nan 2.07768434777 3.57386878719 1.14183962182 2.27162857995 2.18171916787 -1.32389751231 3.25197521953
206 1854 0 0.0 nan 2.06323027602 3.61606786926 1.13092692012 2.28572871318 2.16452943487 -1.30790517876 3.22225146563
207 1863 0 0.0 nan 2.06815090173 3.63155864258 1.12335228676 2.26087028883 2.13169136994 -1.26404238645 3.21636315855
208 1872 0 0.0 nan 2.05646807863 3.6402386045 1.12478660115 2.25506220074 2.12787899975 -1.26545108033 3.21758922009
209 1881 0 0.0 nan 2.05777269314 3.62841484045 1.12636515936 2.26483061591 2.12914239117 -1.27397149518 3.20822209006
210 1890 0 0.0 nan 2.06536968252 3.62661793351 1.12680029826 2.25111793558 2.12770355969 -1.26308951602 3.21270872347
211 1899 0 0.0 nan 2.07550571016 3.62141040961 1.13258117809 2.26320090021 2.13389324797 -1.27530737138 3.21974332275
212 1908 0 0.0 nan 2.07285908544 3.64143836305 1.12357963385 2.28363034708 2.13250967092 -1.27179805657 3.20165252267
213 1917 0 0.0 nan 2.07162670204 3.62257380083 1.13067237771 2.28176938704 2.14412462776 -1.28846972986 3.21827098777
214 1926 0 0.0 nan 2.07469825745 3.61552551411 1.13134054568 2.29214474572 2.16085339175 -1.30512573264 3.22169140373
215 1935 0 0.0 nan 2.08187541542 3.61410709222 1.13467915409 2.30252232175 2.17005285788 -1.3151712181 3.22715629238
216 1944 0 0.0 nan 2.08727057395 3.6047396922 1.13798720318 2.30137907914 2.17722452252 -1.32514247801 3.23807455291
217 1953 0 0.0 nan 2.09216683889 3.59788890135 1.14307171521 2.29521337689 2.18291791983 -1.33637635701 3.24255696631
218 1962 0 0.0 nan 2.08988438315 3.59699218769 1.14648993259 2.28173548103 2.19209096169 -1.35252595416 3.25127888771
219 1971 0 0.0 nan 2.08992157519 3.59568351261 1.14637222068 2.27148281668 2.18410660619 -1.34906943602 3.25735823198
220 1980 0 0.0 nan 2.08574447991 3.60540404354 1.14595290059 2.29934828074 2.19878031038 -1.37463643057 3.24306086691
221 1989 0 0.0 nan 2.08586632794 3.61332683489 1.14795290129 2.3198436208 2.20358404328 -1.38851635581 3.2363552102
222 1998 0 0.0 nan 2.07805206162 3.62285021434 1.15050431109 2.32036587722 2.1832128096 -1.36143543749 3.22366980628
223 2007 0 0.0 nan 2.07553014251 3.62253836693 1.15568583469 2.32746213387 2.19210324102 -1.37102171013 3.22133454993
224 2016 0 0.0 nan 2.07194415752 3.64149966517 1.15664381945 2.33991456933 2.17561206265 -1.36413346669 3.21427653191
225 2025 0 0.0 nan 2.07307776988 3.65128740953 1.15110960925 2.34141643653 2.17158947237 -1.36625686212 3.21491844249
226 2034 0 0.0 nan 2.05639935885 3.67095447544 1.13984357139 2.31653648341 2.15263485871 -1.34347330497 3.20461353737
227 2043 0 0.0 nan 2.05210285851 3.69814540646 1.13792216711 2.31847843649 2.12691918735 -1.3144241662 3.19234213578
228 2052 0 0.0 nan 2.04673877218 3.69427696303 1.13344354367 2.28185714899 2.107835259 -1.27810001554 3.19179286342
229 2061 0 0.0 nan 2.03579769651 3.71956507196 1.12438127925 2.29836312204 2.10372906474 -1.26922939412 3.18915703609
230 2070 0 0.0 nan 2.03224119228 3.68010833328 1.1291384328 2.27506754444 2.12213086761 -1.29366025879 3.19918727875
231 2079 0 0.0 nan 2.03400403221 3.67243896864 1.11807336429 2.24542691758 2.10356903462 -1.26197829463 3.20531233495
232 2088 0 0.0 nan 2.02103717665 3.66641193415 1.1140734361 2.20698719765 2.07361390305 -1.23159880488 3.20677607643
233 2097 0 0.0 nan 2.02636022159 3.64596478716 1.11283035619 2.14963714133 2.0546676669 -1.21034810723 3.22641138494
234 2106 0 0.0 nan 2.01899449015 3.65184045502 1.11482273322 2.1786656485 2.06813409625 -1.21964058684 3.22985764138
235 2115 0 0.0 nan 2.00289450606 3.64814211459 1.10044999621 2.11940837548 2.01236999989 -1.15070552196 3.21371810592
236 2124 0 0.0 nan 1.99300985351 3.61010589434 1.10154778949 2.03546695161 1.9847366297 -1.11543759938 3.23028814305
237 2133 0 0.0 nan 2.00018867637 3.60191285231 1.09395922738 1.97933699134 1.94845716955 -1.05673708887 3.24070426811
238 2142 0 0.0 nan 2.00565709862 3.62403336336 1.08655975924 1.91491233652 1.91255060692 -1.03271439698 3.23518521563
239 2151 0 0.0 nan 2.00873983464 3.5340502884 1.09729445962 1.86568535129 1.9178379542 -1.05324583879 3.27486960859
240 2160 0 0.0 nan 2.02009596487 3.54423625774 1.10090888035 1.85787672138 1.89114709945 -1.03658708336 3.2649010469
241 2169 0 0.0 nan 2.0240137465 3.52517694273 1.12303644281 1.92987580159 1.98213580931 -1.12655525533 3.28641005514
242 2178 0 0.0 nan 2.00930002149 3.5598758851 1.10991041659 1.94239175651 1.95719840434 -1.08839702898 3.25186841584
243 2187 0 0.0 nan 2.01636183825 3.56781352383 1.09692356809 1.97162403458 2.00750813345 -1.1396820022 3.24516434424
244 2196 0 0.0 nan 1.9983337173 3.5957582765 1.0744058194 1.93341259832 1.92784278578 -1.06676011039 3.22704287423
245 2205 0 0.0 nan 2.03620641531 3.59055318617 1.08602060016 1.97890584599 1.98112797775 -1.13691500004 3.25287795332
246 2214 0 0.0 nan 2.03730218241 3.558826415 1.09677468645 1.93139820709 1.98628622148 -1.12919564744 3.25957692741
247 2223 0 0.0 nan 2.03026970509 3.59204364325 1.08117282478 1.94539195882 1.98593534509 -1.12838364259 3.24803616933
248 2232 0 0.0 nan 2.01854868337 3.60056341639 1.07663925392 1.92333623005 1.9714141977 -1.10522919593 3.22992307584
249 2241 0 0.0 nan 2.02092412214 3.65043057813 1.06463017494 1.98239981582 1.96316475049 -1.08520671336 3.21955146266
250 2250 0 0.0 nan 2.03641874735 3.64116361008 1.09076359774 2.05186114879 2.0090292924 -1.1424788002 3.22065880968
251 2259 0 0.0 nan 2.04539266907 3.64798121244 1.0876213161 2.05535092605 2.02494035275 -1.16379315913 3.22572462699
252 2268 0 0.0 nan 2.03552167463 3.62176845847 1.09052844474 2.00038062316 1.989080991 -1.11283809398 3.22370024852
253 2277 0 0.0 nan 2.03751906587 3.62374498837 1.09473929901 1.98969077078 1.97939916633 -1.1091641816 3.21659593311
254 2286 0 0.0 nan 2.03753694853 3.64154599941 1.09482114416 2.00746628133 1.97543438382 -1.10431007881 3.19898430344
255 2295 0 0.0 nan 2.04357395025 3.63841377244 1.10130272447 2.0169988334 1.99808356767 -1.13476328752 3.19968819989
256 2304 0 0.0 nan 2.03764058888 3.64495263627 1.10041410752 2.00239019439 1.96657888062 -1.0989514349 3.19606827336
257 2313 0 0.0 nan 2.04078018125 3.64044587064 1.10426307725 1.99189313371 1.97394900947 -1.11687243032 3.19870140934
258 2322 0 0.0 nan 2.04169957094 3.63975082657 1.10399684245 1.99769285974 1.98011774231 -1.12997364963 3.18890037828
259 2331 0 0.0 nan 2.04633986968 3.62884774331 1.10897871814 1.97833738451 1.97936253457 -1.12382337363 3.20073268467
260 2340 0 0.0 nan 2.04131874364 3.65349262335 1.10011964244 1.99174338301 1.97487381067 -1.10858654788 3.19558128682
261 2349 0 0.0 nan 2.03102274814 3.66310784581 1.09342945623 1.97734205166 1.9679783581 -1.10289782317 3.19921729958
262 2358 0 0.0 nan 2.02547600075 3.6584254932 1.09165245411 1.96674293527 1.96419418462 -1.09973427107 3.20080193654
263 2367 0 0.0 nan 2.02399690697 3.67990888194 1.08612534853 1.96434197115 1.94469377814 -1.07900805416 3.19006281078
264 2376 0 0.0 nan 2.02325206692 3.68265864066 1.09308770098 1.97485713015 1.9411333391 -1.07428140663 3.19355378925
265 2385 0 0.0 nan 2.02571457601 3.68231851218 1.09620986743 2.01196950346 1.97806272495 -1.1160577551 3.1982657328
266 2394 0 0.0 nan 2.01068906552 3.70307461541 1.08798883422 1.99585290544 1.93967272804 -1.06454504176 3.17919348544
267 2403 0 0.0 nan 2.01971139604 3.69215597504 1.10069999334 2.01159655597 1.95113563599 -1.0765550083 3.18192006285
268 2412 0 0.0 nan 2.01503265532 3.69283425532 1.09793772764 1.98541721618 1.92612209259 -1.03733105654 3.17304727273
269 2421 0 0.0 nan 1.99993166886 3.68277132947 1.10074437328 1.98347855434 1.92023770165 -1.02442174561 3.16014177282
270 2430 0 0.0 nan 1.98951721285 3.66844422492 1.1022208016 1.94737463338 1.90025006154 -0.994973083364 3.15571000094
271 2439 0 0.0 nan 1.99172066465 3.6425468401 1.10236130752 1.93501432777 1.89222145834 -0.973218076223 3.17754832884
272 2448 0 0.0 nan 1.99377754665 3.64074198637 1.10776792179 1.95062893203 1.90359566443 -0.984348670652 3.16093891213
273 2457 0 0.0 nan 2.01150863043 3.62702354858 1.1104489115 1.95560633753 1.94695326705 -1.03515533622 3.19046803283
274 2466 0 0.0 nan 2.01731771454 3.61627485448 1.12295223114 1.95651149874 1.96587282628 -1.06468067563 3.21024088039
275 2475 0 0.0 nan 2.01220671185 3.63244130616 1.11506175702 1.96520603824 1.95737709216 -1.05815783716 3.20365124574
276 2484 0 0.0 nan 2.01693348101 3.64097182855 1.12278658684 2.02157033994 1.99189030347 -1.09426573233 3.18256008291
277 2493 0 0.0 nan 2.0099223505 3.63885048663 1.11670432572 1.99830375268 1.97091706233 -1.0629960505 3.17618270982
278 2502 0 0.0 nan 2.01767049677 3.62540742044 1.12091632734 1.99366099915 1.97341104482 -1.05977393452 3.19073080072
279 2511 0 0.0 nan 2.0191753063 3.61943979201 1.12143746906 1.9880339226 1.97493453018 -1.06001599086 3.19422929369
280 2520 0 0.0 nan 2.02748539061 3.60999542619 1.12846108464 2.0064785313 1.99331076339 -1.09366499505 3.20460932672
281 2529 0 0.0 nan 2.03438626091 3.61403494782 1.13216003189 2.03121082794 2.010286508 -1.11750709299 3.20654589168
282 2538 0 0.0 nan 2.0324293965 3.61962216648 1.13308923788 2.02684828742 2.00131027697 -1.10348326151 3.20132672245
283 2547 0 0.0 nan 2.03097888039 3.61668220785 1.13257739847 2.00932811378 1.98893224852 -1.08335873271 3.20064562253
284 2556 0 0.0 nan 2.02990741694 3.61184629226 1.13169408393 2.00718466867 1.98197737718 -1.06619987149 3.19840415729
285 2565 0 0.0 nan 2.03631805999 3.60667853585 1.1362928207 2.01198547733 1.98655068413 -1.07808057551 3.20230193621
286 2574 0 0.0 nan 2.03296342389 3.60186826357 1.13497013401 1.99617779752 1.97635614283 -1.06203700231 3.2021162066
287 2583 0 0.0 nan 2.04352747736 3.57630913323 1.14440895556 1.98850934002 1.98561747009 -1.07682472919 3.21556711475
288 2592 0 0.0 nan 2.03994140193 3.58795494497 1.13848228127 1.98504345671 1.97471311522 -1.05331325786 3.21366722358
289 2601 0 0.0 nan 2.04787460328 3.56685623854 1.14743633307 1.99406592568 1.98743222449 -1.07288042249 3.22408620489
290 2610 0 0.0 nan 2.04972775837 3.56876769417 1.14301526696 1.99341293754 1.98767084925 -1.06654553993 3.22245416022
291 2619 0 0.0 nan 2.04489044588 3.5625181105 1.14117159378 1.98139508153 1.97473185173 -1.0474842872 3.22479459513
292 2628 0 0.0 nan 2.04879568149 3.56428825818 1.14722140801 2.01255983165 1.98631602196 -1.0633791584 3.22295863198
293 2637 0 0.0 nan 2.05355735742 3.55674983753 1.15516978107 2.02863049649 2.00035183611 -1.07664271364 3.22466830379
294 2646 0 0.0 nan 2.05487574889 3.56047519812 1.15225789107 2.02691601168 1.99216276816 -1.06033279646 3.21908535401
295 2655 0 0.0 nan 2.05798641076 3.54521517291 1.15820013619 2.01944886704 1.99007401543 -1.05187763328 3.22088761752
296 2664 0 0.0 nan 2.05408984532 3.56022742652 1.14870919343 2.01784838324 1.98542956614 -1.03914168754 3.21533799136
297 2673 0 0.0 nan 2.04417019415 3.55592948722 1.14412463087 1.99595570787 1.95594253745 -1.00165005475 3.20814711773
298 2682 0 0.0 nan 2.06246136799 3.518782516 1.16096212255 2.00447342207 1.97789446461 -1.03735943099 3.22077176885
299 2691 0 0.0 nan 2.0725793126 3.51069288454 1.16641349646 2.00915616553 1.99707161839 -1.06704104422 3.23566140044
300 2700 0 0.0 nan 2.06252512 3.54436223458 1.15743890162 2.0224115863 1.99215277836 -1.05330430457 3.23261181001
301 2709 0 0.0 nan 2.07275253429 3.51057536788 1.16491297596 2.01766441436 2.00665198991 -1.07669142124 3.24889272781
302 2718 0 0.0 nan 2.07239831146 3.51723204754 1.16450408705 2.03428601006 2.0202530424 -1.08984323786 3.25433026723
303 2727 0 0.0 nan 2.08727224805 3.49146946762 1.17749123244 2.06350838907 2.04677109056 -1.1326190778 3.27036933975
304 2736 0 0.0 nan 2.0973603699 3.4737106833 1.18618020632 2.04815485155 2.03964595139 -1.11868201023 3.27675646663
305 2745 0 0.0 nan 2.09123056755 3.49220963216 1.17873554252 2.05305828556 2.03376270165 -1.11386899678 3.27848441236
306 2754 0 0.0 nan 2.08573999528 3.52094738378 1.16841022281 2.0794067074 2.04725268837 -1.13197470289 3.26434782143
307 2763 0 0.0 nan 2.08426415891 3.52762961708 1.16275609488 2.06733307612 2.04649015245 -1.1342723013 3.26144437825
308 2772 0 0.0 nan 2.07970124308 3.52173462563 1.15867148924 2.04313989279 2.02986194998 -1.11568269535 3.26389460202
309 2781 0 0.0 nan 2.08479674138 3.50220842961 1.16608211559 2.04198925606 2.03425477495 -1.11717008311 3.28748563019
310 2790 0 0.0 nan 2.07568993897 3.5245549392 1.16219261691 2.03551205173 2.01381265263 -1.08854034503 3.27206680231
311 2799 0 0.0 nan 2.06779726462 3.54207547221 1.15943446115 2.03809628216 2.00646283864 -1.08150042113 3.25619977497
312 2808 0 0.0 nan 2.06247999078 3.56883019036 1.15252112134 2.07529281999 2.02361474719 -1.11278756294 3.24402366565
313 2817 0 0.0 nan 2.05339007655 3.60090210594 1.14198937569 2.08971166748 2.02667372632 -1.12506730442 3.23741436422
314 2826 0 0.0 nan 2.06278331996 3.59578735489 1.15037368828 2.12930830146 2.05357208797 -1.15188119762 3.23464221723
315 2835 0 0.0 nan 2.06828672177 3.58368453127 1.15152146026 2.10102839504 2.0348335666 -1.13285420607 3.23777674978
316 2844 0 0.0 nan 2.05909202929 3.59165032001 1.14495437692 2.07607179356 2.02376842809 -1.11886966332 3.23984437142
317 2853 0 0.0 nan 2.06974281424 3.57800618376 1.14844007657 2.07444573461 2.02808949934 -1.12908473958 3.24431315926
318 2862 0 0.0 nan 2.06805307354 3.56510350148 1.15069801082 2.07412410261 2.02535767625 -1.11910274691 3.24845472875
319 2871 0 0.0 nan 2.06633607404 3.56015365405 1.14681269263 2.04629859648 2.01320094302 -1.0981024261 3.242470708
320 2880 0 0.0 nan 2.06473671042 3.55363735325 1.14609107408 2.05196818242 2.01754281192 -1.10767511464 3.23908305095
321 2889 0 0.0 nan 2.06504069223 3.55780935288 1.14761586038 2.08743520739 2.0438162979 -1.14729778659 3.24674135058
322 2898 0 0.0 nan 2.07610484573 3.52848799109 1.15676198582 2.09197665819 2.05877948768 -1.16139514462 3.26061624423
323 2907 0 0.0 nan 2.07351873052 3.52509380746 1.15555923334 2.06313998425 2.03554501301 -1.12889576614 3.25725979734
324 2916 0 0.0 nan 2.06377539366 3.53403310481 1.14957118416 2.06144755643 2.03046977085 -1.1217133209 3.2466540325
325 2925 0 0.0 nan 2.0589899685 3.54889682098 1.14591701683 2.06763052962 2.03335608308 -1.12148812753 3.23496127069
326 2934 0 0.0 nan 2.06282496367 3.53299106279 1.15096049636 2.06615374807 2.02821343392 -1.11439027245 3.24666705961
327 2943 0 0.0 nan 2.07524389674 3.50500177442 1.16075374529 2.07710122196 2.05578601692 -1.14530555785 3.26025476056
328 2952 0 0.0 nan 2.08254420427 3.48130332348 1.16664224578 2.05942426254 2.04451424634 -1.12298254439 3.26714731328
329 2961 0 0.0 nan 2.08741374899 3.47946149093 1.17039842482 2.07292806202 2.05276966654 -1.13356961057 3.27295551489
330 2970 0 0.0 nan 2.07884908916 3.51312710795 1.16617658574 2.09947129364 2.05090259733 -1.13510394518 3.26154978659
331 2979 0 0.0 nan 2.07948714949 3.51679574183 1.16790820696 2.11223678304 2.05288204987 -1.1343889516 3.25469122526
332 2988 0 0.0 nan 2.0902145214 3.48826642645 1.17809010846 2.10374164083 2.05316789858 -1.12970021921 3.26495589197
333 2997 0 0.0 nan 2.08200992232 3.50273919956 1.17008346928 2.09504139056 2.04411840241 -1.11792824266 3.25588650786
334 3006 0 0.0 nan 2.07871072231 3.50444501732 1.16622753797 2.08137612923 2.03435197525 -1.10324987693 3.24637842603
335 3015 0 0.0 nan 2.09140915302 3.46853187364 1.17519590656 2.06061281224 2.03641295375 -1.1021199986 3.26836245894
336 3024 0 0.0 nan 2.0896296347 3.47339447042 1.17162843341 2.0459328823 2.024991224 -1.09141494707 3.26801193405
337 3033 0 0.0 nan 2.09289268735 3.44568790982 1.17635981552 2.02525205094 2.02379052213 -1.08965155356 3.28098237021
338 3042 0 0.0 nan 2.09821495278 3.4199277213 1.18236367775 2.02449276513 2.03364717662 -1.09801486045 3.28777794412
339 3051 0 0.0 nan 2.10404872416 3.39174700123 1.19045467017 2.0022485344 2.02887675178 -1.09077686344 3.30311891609
340 3060 0 0.0 nan 2.09125591459 3.4156087503 1.18188976785 2.00938092857 2.03301165852 -1.10078398723 3.29081089554
341 3069 0 0.0 nan 2.09499440175 3.38110368621 1.18828430383 1.98104472016 2.02923430926 -1.09630305476 3.30752501845
342 3078 0 0.0 nan 2.1029726485 3.32376907349 1.20031185454 1.95209639992 2.03713307786 -1.09793938966 3.34177462053
343 3087 0 0.0 nan 2.0987810723 3.35662859621 1.19858264551 2.00760081599 2.05272711502 -1.12104132927 3.32233802602
344 3096 0 0.0 nan 2.10060538295 3.35251259197 1.19546158877 2.02037119547 2.07469083728 -1.15367246594 3.33556601046
345 3105 0 0.0 nan 2.10341156083 3.31123633323 1.19838984844 1.94222685078 2.05375332708 -1.12295966755 3.34529349637
346 3114 0 0.0 nan 2.073034057 3.40744570915 1.17767098814 2.01464415248 2.06605306527 -1.15620869485 3.29311368979
347 3123 0 0.0 nan 2.08025184087 3.41439792769 1.17165116135 1.97977627094 2.03338029952 -1.10438102945 3.27822620917
348 3132 0 0.0 nan 2.08750551755 3.38980064159 1.176927656 1.93514448692 2.01949714864 -1.07855279252 3.27903546681
349 3141 0 0.0 nan 2.09190776706 3.32735894672 1.18948776362 1.91424321621 2.04598554368 -1.11462990162 3.31188023006
350 3150 0 0.0 nan 2.09422959446 3.33853050978 1.18616566367 1.91147974768 2.01170761955 -1.05813562169 3.29443417679
351 3159 0 0.0 nan 2.09235037182 3.33574038905 1.18487833641 1.91165875866 2.01952616326 -1.07749767078 3.29955933321
352 3168 0 0.0 nan 2.08614393029 3.35171466197 1.18049624023 1.94304752075 2.04082902267 -1.11336036074 3.29607245591
353 3177 0 0.0 nan 2.07500614396 3.40179091711 1.16967769802 1.97574999502 2.04647080413 -1.13146806603 3.27991257305
354 3186 0 0.0 nan 2.0800490013 3.3909090451 1.17489163401 1.99425515584 2.06103511542 -1.15481209421 3.29331025954
355 3195 0 0.0 nan 2.07916175561 3.42001045378 1.16994832316 2.00488663552 2.04635680751 -1.13345095707 3.28297706593
356 3204 0 0.0 nan 2.09073436159 3.3871074553 1.18229770167 2.01598389791 2.06597800573 -1.15006455598 3.30655454666
357 3213 0 0.0 nan 2.08500885208 3.39824333862 1.17998013391 2.02921949838 2.07596143513 -1.16560337281 3.30261248343
358 3222 0 0.0 nan 2.09899301378 3.37152237764 1.19029639781 2.01267396348 2.07248053946 -1.15009089154 3.3272083775
359 3231 0 0.0 nan 2.09683000366 3.37850777308 1.18726747064 2.00309388621 2.06210851811 -1.13831947189 3.32452564246
360 3240 0 0.0 nan 2.10312271167 3.38658415294 1.18545134153 2.02034878036 2.06701655927 -1.13671690804 3.32578283764
361 3249 0 0.0 nan 2.10538710928 3.41092324395 1.19079982956 2.0773797336 2.08453613069 -1.15752342627 3.32724344671
362 3258 0 0.0 nan 2.10182328684 3.41270085492 1.18922692541 2.06667070076 2.07513457098 -1.15468538646 3.32042203187
363 3267 0 0.0 nan 2.09290713279 3.43828130487 1.18349668009 2.0713878754 2.06757707589 -1.13848773008 3.29951907749
364 3276 0 0.0 nan 2.08626105241 3.46294141819 1.17944757884 2.08740374884 2.06837513053 -1.14393536183 3.28079807765
365 3285 0 0.0 nan 2.08049981101 3.48150462445 1.17655989214 2.09349996912 2.0659616515 -1.13964964478 3.27009680087
366 3294 0 0.0 nan 2.0920265368 3.46487780333 1.18147142142 2.0956194968 2.07069161723 -1.14200009648 3.28792449976
367 3303 0 0.0 nan 2.09327170194 3.4780357145 1.17959978678 2.09586635424 2.0646406917 -1.13797230408 3.27528846046
368 3312 0 0.0 nan 2.08641101387 3.51411471108 1.17249183645 2.13678649812 2.08071969638 -1.16974019111 3.27045381754
369 3321 0 0.0 nan 2.0844627097 3.48746205371 1.17076341057 2.09234510025 2.072153539 -1.16288780455 3.27331521809
370 3330 0 0.0 nan 2.08470667058 3.49469953835 1.16709113073 2.0906464309 2.06576937903 -1.15844006933 3.28147048194
371 3339 0 0.0 nan 2.08246100922 3.50221218353 1.16507010604 2.09019026058 2.06404728255 -1.15678629856 3.27114359612
372 3348 0 0.0 nan 2.08330810812 3.48838220282 1.16426203471 2.0644105769 2.05790372763 -1.14983316641 3.27901677189
373 3357 0 0.0 nan 2.07226431413 3.55808644009 1.14948516939 2.12155623467 2.06160016571 -1.16308427763 3.25323784905
374 3366 0 0.0 nan 2.07405625212 3.55907285221 1.15080545572 2.12338137413 2.04925145128 -1.14206831764 3.25771331873
375 3375 0 0.0 nan 2.08815929452 3.52608165872 1.16350380026 2.1250974152 2.05974288854 -1.14742845527 3.27824454325
376 3384 0 0.0 nan 2.09304211938 3.54449152916 1.16519529155 2.14707591014 2.05724242958 -1.14800463939 3.27597750469
377 3393 0 0.0 nan 2.10583217382 3.52519040514 1.17798979425 2.15358705296 2.05271591657 -1.12922519244 3.28268876937
