% # columns="iteration, evaluation, sigma, axis ratio, bestever, best, median, worst objective function value, further objective values of best", seed=810854, Sun Nov 23 11:28:42 2014
1 9 0.473886588044 1.00003946507 -1668558 -1.6685580000000000e+06 -1307430 -906939   
2 18 0.519396443297 1.28961991015 -1668558 -1.6113450000000000e+06 -1007640 -633849   
3 27 0.544160374061 1.40875854687 -2028006 -2.0280060000000000e+06 -1037841 -781866   
4 36 0.568834636155 1.56030986153 -2028006 -2.0050170000000000e+06 -1023381 -839523   
5 45 0.592983867801 1.62998277678 -2028006 -1.8755250000000000e+06 -1101225 -651177   
6 54 0.575064920068 1.77248669778 -2028006 -1.7635800000000000e+06 -1136838 -535224   
7 63 0.545756352631 1.87018513898 -2028006 -1.5369060000000000e+06 -1000875 -245892   
8 72 0.502824838969 1.91468248364 -2028006 -1.2321330000000000e+06 -824484 -487764   
9 81 0.462991809354 1.8244961971 -2121036 -2.1210360000000000e+06 -1080015 -581370   
10 90 0.434314282897 1.86251699104 -2121036 -1.7741670000000000e+06 -1101324 -491490   
11 99 0.42102894267 1.88747155585 -2121036 -1.6935810000000000e+06 -1467669 -764469   
12 108 0.40387053989 1.92013235632 -2240886 -2.2408860000000000e+06 -1290729 -758064   
13 117 0.409592403993 1.94215486615 -2240886 -1.9265370000000000e+06 -1230045 -908055   
14 126 0.416926641459 2.02939293694 -2240886 -1.9705920000000000e+06 -1515294 -864216   
15 135 0.414744735345 2.0681837008 -2441031 -2.4410310000000000e+06 -1207473 -639963   
16 144 0.420916091591 2.29478231352 -2441031 -1.9282740000000000e+06 -1294998 -539634   
17 153 0.43196599724 2.43944400961 -2441031 -1.9281390000000000e+06 -1511976 -891543   
18 162 0.440661020097 2.4533493448 -2441031 -1.9280250000000000e+06 -1400028 -559401   
19 171 0.493011780977 2.3604922582 -2738814 -2.7388140000000000e+06 -1476090 -1159710   
20 180 0.493552817831 2.50360361386 -2738814 -1.8183570000000000e+06 -1453467 -1078314   
21 189 0.495079009634 2.59162217473 -2738814 -1.7332710000000000e+06 -1101105 -23481   
22 198 0.534496692648 2.61419981584 -2738814 -2.3927760000000000e+06 -1245075 -17595   
23 207 0.505346913887 2.68743505113 -2738814 -1.5705870000000000e+06 -1362066 -18828   
24 216 0.449243768617 2.62909915454 -2738814 -2.0118600000000000e+06 -1165689 -11148   
25 225 0.418598778926 2.56052633786 -2738814 -1.5762780000000000e+06 -1284801 -17346   
26 234 0.386651942918 2.60394456952 -2738814 -1.7466360000000000e+06 -1130205 -17763   
27 243 0.387745996403 2.60246538939 -2738814 -2.0957010000000000e+06 -1556862 -954540   
28 252 0.404878862498 2.72847722817 -2738814 -2.4269670000000000e+06 -1651365 -1042632   
29 261 0.390643585048 2.68208814729 -2738814 -1.8680280000000000e+06 -1588254 -11490   
30 270 0.435979115265 2.65592986779 -2738814 -2.3802000000000000e+06 -1502835 -16827   
31 279 0.476157890575 2.64690130053 -2738814 -2.0528520000000000e+06 -1241400 -15174   
32 288 0.529482795144 2.77843307427 -2738814 -1.7973000000000000e+06 -1323648 -906567   
33 297 0.499880619363 3.08935534676 -2738814 -2.1530430000000000e+06 -1607439 -1133193   
34 306 0.485159803545 3.12269322331 -2738814 -1.9307850000000000e+06 -1491336 -1057446   
35 315 0.48541427345 3.06867544631 -2826345 -2.8263450000000000e+06 -1580847 -17007   
36 324 0.506764189798 3.02235787188 -2826345 -1.8154680000000000e+06 -1612530 -1043067   
37 333 0.511545878924 3.04715161547 -2826345 -2.4644910000000000e+06 -1400457 -790923   
38 342 0.458736587741 3.17001013987 -2826345 -2.4209550000000000e+06 -1729719 -769851   
39 351 0.431026430218 3.20628299681 -2826345 -2.3467170000000000e+06 -1848978 -1055247   
40 360 0.432455733226 3.33781367531 -2826345 -1.8628230000000000e+06 -1484238 -1005768   
41 369 0.409686543056 3.44359407408 -2826345 -2.1349530000000000e+06 -1665003 -950832   
42 378 0.409398940974 3.5045718936 -2826345 -1.9115970000000000e+06 -1553391 -1105617   
43 387 0.451798418743 3.42375913166 -3096855 -3.0968550000000000e+06 -1428198 -1177572   
44 396 0.491917395119 3.56293302434 -3096855 -1.9579440000000000e+06 -1554495 -1162014   
45 405 0.510087948259 3.79062571541 -3096855 -1.8824280000000000e+06 -1176210 -16626   
46 414 0.49374347926 3.88488194101 -3096855 -2.2500930000000000e+06 -1354383 -105909   
47 423 0.496355397218 3.74531751152 -3096855 -1.7340780000000000e+06 -1351809 -869742   
48 432 0.476718185405 3.87599448708 -3096855 -2.1984840000000000e+06 -1557690 -127740   
49 441 0.480535681817 3.82209545548 -3096855 -2.0607090000000000e+06 -1368945 -947082   
50 450 0.44980115666 3.71689537694 -3096855 -1.9217310000000000e+06 -1673088 -1092075   
51 459 0.405176059615 3.63277235983 -3096855 -2.1519960000000000e+06 -1494030 -823587   
52 468 0.39500579165 3.81009574636 -3096855 -1.8664590000000000e+06 -1366779 -1045821   
53 477 0.431824865056 3.72807884569 -3096855 -1.8639120000000000e+06 -1366104 -902703   
54 486 0.440764558608 3.81088315501 -3096855 -2.1958710000000000e+06 -1485495 -1239600   
55 495 0.459966581841 3.7780234163 -3096855 -1.7764110000000000e+06 -1338186 -783873   
56 504 0.455639249822 3.5392374165 -3096855 -1.7639760000000000e+06 -1482834 -918771   
57 513 0.412692213437 3.57658431234 -3096855 -1.4589360000000000e+06 -1049277 -14193   
58 522 0.371909835096 3.5583996063 -3096855 -1.8852360000000000e+06 -1458897 -937719   
59 531 0.324773281553 3.58886966686 -3096855 -2.0029050000000000e+06 -1659087 -1334781   
60 540 0.288601630835 3.50764080473 -3096855 -1.5962520000000000e+06 -1297032 -895404   
61 549 0.250300956759 3.57506978715 -3096855 -2.1759960000000000e+06 -1391715 -1143237   
62 558 0.246664730548 3.6372536635 -3096855 -1.9773420000000000e+06 -1725783 -1178610   
63 567 0.24878186622 3.60741801277 -3096855 -2.2423620000000000e+06 -1475430 -1118169   
64 576 0.22934209996 3.81390571532 -3096855 -1.8152940000000000e+06 -1335903 -1123443   
65 585 0.247319630119 3.98282346803 -3096855 -1.7516910000000000e+06 -1407471 -962646   
66 594 0.257787252397 3.8661693607 -3096855 -1.9247550000000000e+06 -1307490 -544521   
67 603 0.243968230204 4.26951862078 -3096855 -1.8854040000000000e+06 -1303245 -910254   
68 612 0.239411195286 4.56487292903 -3096855 -1.9879890000000000e+06 -1458402 -1157859   
69 621 0.246069178 4.47091185304 -3096855 -2.2344030000000000e+06 -1507914 -1076694   
70 630 0.236388826625 4.7627245743 -3096855 -2.2997340000000000e+06 -1655430 -1169736   
71 639 0.230444439025 4.66762324991 -3096855 -2.6397480000000000e+06 -1483641 -946323   
72 648 0.207867846295 4.768345849 -3096855 -2.3715480000000000e+06 -1332168 -1174899   
73 657 0.186056538216 4.94938754328 -3096855 -2.0768160000000000e+06 -1489428 -969057   
74 666 0.184395701268 5.05604385837 -3096855 -2.0383560000000000e+06 -1260387 -896127   
75 675 0.1799687911 5.05168800062 -3096855 -2.4817110000000000e+06 -1409607 -980649   
76 684 0.167115343061 4.78580420116 -3096855 -2.2002390000000000e+06 -1692714 -1050555   
77 693 0.169115633587 4.68203259576 -3096855 -2.8536750000000000e+06 -1381350 -1014786   
78 702 0.162027877882 4.50892119502 -3096855 -2.3775870000000000e+06 -1245168 -886905   
79 711 0.162234234022 4.64480995491 -3096855 -2.0240310000000000e+06 -1627407 -1035300   
80 720 0.170168710192 4.84761743075 -3096855 -2.5315050000000000e+06 -1630833 -908928   
81 729 0.171699217756 5.03035454671 -3096855 -2.2365120000000000e+06 -1384233 -939921   
82 738 0.196949915666 4.91222115994 -3096855 -1.8947100000000000e+06 -1647879 -1119291   
83 747 0.23313953528 5.05795038805 -3096855 -2.0015370000000000e+06 -1244388 -1120431   
84 756 0.226350366696 5.26253607928 -3096855 -1.7740710000000000e+06 -1326033 -1092543   
85 765 0.206059183437 5.42969125936 -3096855 -2.1879570000000000e+06 -1440660 -894267   
86 774 0.198851661556 5.47507353801 -3096855 -1.5614340000000000e+06 -1274196 -847764   
87 783 0.209217839819 5.59332337041 -3096855 -2.1010320000000000e+06 -1511094 -1251771   
88 792 0.20340505726 5.79325723484 -3096855 -1.7666490000000000e+06 -1487592 -929829   
89 801 0.201166385643 5.74502275072 -3096855 -2.6414880000000000e+06 -1624734 -1075020   
90 810 0.213051128386 5.57216187301 -3096855 -2.1969840000000000e+06 -1507248 -1176753   
91 819 0.216026277033 5.25186356127 -3096855 -2.3239920000000000e+06 -1556373 -1187814   
92 828 0.212182742568 5.34815669664 -3096855 -2.0289540000000000e+06 -1610202 -1211940   
93 837 0.233700895577 5.34909929776 -3096855 -2.3834670000000000e+06 -1636092 -1090788   
94 846 0.22008280643 5.56228824416 -3096855 -2.5536210000000000e+06 -1656234 -1355481   
95 855 0.215322883657 5.61134204168 -3096855 -1.8488940000000000e+06 -1438098 -837852   
96 864 0.190761708051 5.85596553176 -3096855 -2.1207450000000000e+06 -1450596 -1049103   
97 873 0.186275408736 5.87376564235 -3096855 -2.3703450000000000e+06 -1707660 -931392   
98 882 0.192379242313 5.9968837903 -3096855 -2.5161570000000000e+06 -1908288 -1316142   
99 891 0.183374646062 5.95868166585 -3096855 -2.3353770000000000e+06 -1556340 -684519   
100 900 0.160198904704 6.0894441037 -3096855 -2.0701140000000000e+06 -1381482 -1088073   
101 909 0.172466981171 6.16398611228 -3096855 -2.5504050000000000e+06 -1549509 -953721   
102 918 0.176135516855 6.49800313007 -3096855 -2.4941490000000000e+06 -1683597 -1425594   
103 927 0.199992359399 6.65252217102 -3096855 -1.9902840000000000e+06 -1602924 -992139   
104 936 0.226366162429 6.4006205293 -3096855 -2.1403380000000000e+06 -1742850 -1186620   
105 945 0.228803347006 5.69195942509 -3096855 -2.3237640000000000e+06 -1637058 -1116171   
106 954 0.242544329321 5.663507309 -3096855 -2.4316770000000000e+06 -1566717 -1168404   
107 963 0.231088559269 5.83713643604 -3096855 -2.0534910000000000e+06 -1632990 -1154118   
108 972 0.230366412908 5.69551353524 -3096855 -2.0530380000000000e+06 -1756539 -1141698   
109 981 0.234621115578 6.30933413922 -3096855 -1.9430460000000000e+06 -1556664 -1226766   
110 990 0.227524700514 6.09314915037 -3096855 -2.2984440000000000e+06 -1730964 -1161456   
111 999 0.219118659462 5.96830864857 -3096855 -2.2194510000000000e+06 -1420872 -1154649   
112 1008 0.221535258386 6.06703902664 -3096855 -1.7402310000000000e+06 -1603071 -1285782   
113 1017 0.236647668475 5.99477683419 -3096855 -1.9841430000000000e+06 -1529205 -1338996   
114 1026 0.265827016698 5.96993220129 -3096855 -2.5525680000000000e+06 -1640490 -834165   
115 1035 0.291308585375 5.89567091937 -3096855 -2.8823910000000000e+06 -1746078 -1165779   
116 1044 0.279562161268 6.14235468984 -3096855 -2.5084560000000000e+06 -1703376 -1310967   
117 1053 0.273424909567 6.13422230993 -3096855 -2.0135400000000000e+06 -1471752 -1202295   
118 1062 0.281922980253 6.0680165128 -3096855 -2.2411740000000000e+06 -1656030 -913044   
119 1071 0.260978800792 5.81210888526 -3096855 -1.4933850000000000e+06 -1423413 -1127391   
120 1080 0.25130417584 5.76850882225 -3096855 -2.6511150000000000e+06 -1755354 -1139649   
121 1089 0.247326445244 5.86567399035 -3096855 -2.1264420000000000e+06 -1771980 -886008   
122 1098 0.244731701703 5.73689318308 -3096855 -1.8144960000000000e+06 -1683951 -1196382   
123 1107 0.230954074252 5.70524812757 -3096855 -2.1916950000000000e+06 -1362540 -1023882   
124 1116 0.261352570936 5.87528110552 -3096855 -2.1192840000000000e+06 -1571466 -1043892   
125 1125 0.286577499729 5.9487429004 -3096855 -1.7275710000000000e+06 -1511250 -1156620   
126 1134 0.269661028888 6.5136497537 -3096855 -1.7824110000000000e+06 -1417041 -927099   
127 1143 0.265644184894 6.61953488187 -3096855 -1.7067360000000000e+06 -1415508 -1145829   
128 1152 0.279210734441 6.18904737423 -3096855 -1.9571520000000000e+06 -1428561 -1105794   
129 1161 0.324637800846 6.01052582772 -3096855 -2.5610580000000000e+06 -1727238 -1262703   
130 1170 0.361675292121 6.02444878598 -3096855 -1.8968640000000000e+06 -1620723 -1156569   
131 1179 0.372131790917 6.06441205444 -3096855 -1.9923510000000000e+06 -1325049 -870525   
132 1188 0.345562219636 6.04109744376 -3096855 -1.9917720000000000e+06 -1538433 -1097121   
133 1197 0.328152935294 5.84052578475 -3096855 -1.8372690000000000e+06 -1646409 -1101768   
134 1206 0.304905346527 5.52541167511 -3096855 -2.2963830000000000e+06 -1624839 -1312755   
135 1215 0.285367489529 5.4441392884 -3096855 -2.2935540000000000e+06 -1565775 -1191543   
136 1224 0.244356071078 5.33757628114 -3096855 -1.8747570000000000e+06 -1299198 -992481   
137 1233 0.264939846534 5.44105029435 -3096855 -2.0265300000000000e+06 -1443243 -1073361   
138 1242 0.292329705441 5.85126897843 -3096855 -2.1953790000000000e+06 -1632105 -1109427   
139 1251 0.31251062999 6.15788711108 -3096855 -1.8656400000000000e+06 -1723440 -1393071   
140 1260 0.312956531344 6.32982424657 -3096855 -2.2822410000000000e+06 -1735992 -955008   
141 1269 0.309591079059 6.52218171604 -3096855 -1.7701770000000000e+06 -1440936 -1192497   
142 1278 0.295779590224 6.6678953563 -3096855 -1.8394260000000000e+06 -1390650 -1080174   
143 1287 0.279259520312 6.80332518455 -3096855 -1.9264830000000000e+06 -1650837 -1123296   
144 1296 0.262102036396 7.01957528816 -3096855 -2.2111200000000000e+06 -1598682 -1221888   
145 1305 0.282997611716 7.08918576267 -3096855 -2.3669700000000000e+06 -1577163 -1023798   
146 1314 0.29803246682 7.30441846809 -3096855 -2.7250650000000000e+06 -1589232 -1003947   
147 1323 0.33138122643 7.42201087108 -3096855 -2.0724480000000000e+06 -1518024 -1203801   
148 1332 0.3286346369 7.27172146054 -3096855 -2.4678810000000000e+06 -1621215 -1237323   
149 1341 0.306095729498 7.12541717982 -3096855 -2.3401530000000000e+06 -1695741 -1234152   
